1 0 1 0 0 0 0 9 2
1 1 0 0 0 0 0 9 2
1 1 0 0 0 1 0 9 2
1 1 0 0 0 1 1 9 2
1 0 0 0 0 1 1 9 2
1 0 0 0 0 1 1 9 3
1 0 0 0 0 1 1 9 5
1 0 0 0 0 1 0 9 6
1 1 0 0 0 1 0 9 6
1 1 0 0 0 1 1 9 6
1 1 0 0 0 0 0 9 6
1 1 0 0 1 0 0 9 6
1 1 0 0 0 0 0 8 5
1 1 0 0 0 1 0 8 5
1 1 0 0 1 1 0 8 5
1 1 0 0 1 0 0 8 5
1 1 0 0 0 1 1 8 5
1 1 0 0 0 0 1 8 5
1 1 0 0 0 1 0 7 5
1 1 0 0 0 1 0 7 4
1 1 0 0 0 1 1 7 4
1 1 0 0 0 0 1 7 4
1 1 0 0 0 0 0 7 4
1 0 0 0 0 0 0 7 4
2 0 1 0 0 0 0 9 2
0 0 0 0 0 0 0 9 2
2 0 0 0 0 0 0 9 2
1 0 0 0 0 0 0 9 2
0 0 0 0 0 1 0 9 2
2 0 0 0 0 1 0 9 2
1 0 0 0 0 1 0 9 2