-3.062541E+37 -3.062541E+37 -3.062541E+37 0 -2.696199E+37 -2.231469E+37 -3.062541E+37 0 0 -3.062541E+37 0 -3.062541E+37
-7.552532E+37 -3.409657E+37 -7.828161E+37 0 -8.458711E+37 -7.775792E+37 -8.299486E+37 0 0 -8.299486E+37 0 -8.299486E+37
-1.467762E+38 -5.818828E+37 -3.279685E+37 -7.409034E+37 -8.299486E+37 -7.060566E+37 -8.299486E+37 -8.299486E+37 0 -8.299486E+37 0 -8.299486E+37
-8.299486E+37 0 0 0 0 -2.87323E+36 -1.053208E+38 -5.818828E+37 0 -3.062541E+37 0 -3.062541E+37
0 0 0 0 0 0 0 -3.062541E+37 -8.299486E+37 -3.062541E+37 0 -3.062541E+37
-3.062541E+37 -3.062541E+37 -3.062541E+37 -3.062541E+37 -3.062541E+37 -3.062541E+37 0 -8.299486E+37 0 -3.062541E+37 0 -3.062541E+37
-8.299486E+37 0 0 0 0 -3.062541E+37 -3.062541E+37 0 0 -3.062541E+37 0 -3.062541E+37
-8.299486E+37 0 0 0 0 0 0 0 0 0 0 0
0 0 0 0 0 0 0 0 -5.818828E+37 0 0 0
0 0 0 0 0 0 0 0 -3.062541E+37 0 0 0
-3.062541E+37 0 0 0 -3.062541E+37 0 0 0 0 0 0 0
-8.299486E+37 -3.062541E+37 -3.062541E+37 0 0 0 -3.062541E+37 0 0 0 0 0
-5.818828E+37 0 0 0 -3.062541E+37 0 0 0 0 0 0 0
-8.299486E+37 0 0 0 0 0 0 0 0 0 0 0
-3.062541E+37 0 0 0 0 0 0 0 0 0 0 0
-3.062541E+37 0 0 0 0 0 0 0 0 0 0 0
-3.062541E+37 0 0 0 0 0 0 0 0 0 0 0
0 0 0 0 0 0 0 0 0 0 0 0
0 0 0 0 0 0 0 0 -3.062541E+37 -3.062541E+37 0 -3.062541E+37
0 0 0 0 0 0 0 0 0 0 -3.062541E+37 0
0 -8.299486E+37 -5.818828E+37 0 0 0 0 0 0 0 -1.053208E+38 -1.053208E+38
0 0 0 0 0 -8.299486E+37 0 0 0 -3.062541E+37 -3.062541E+37 0
0 0 0 0 0 -5.818828E+37 0 0 -5.818828E+37 -3.062541E+37 0 -3.062541E+37
0 -3.062541E+37 -8.299486E+37 -8.299486E+37 0 0 0 0 0 0 -5.818828E+37 -5.818828E+37
0 0 0 0 0 -3.062541E+37 0 0 0 -3.062541E+37 -3.062541E+37 0
0 -1.053208E+38 -1.053208E+38 -1.053208E+38 0 0 0 0 0 0 -1.254141E+38 -1.254141E+38
0 0 0 -5.818828E+37 -3.062541E+37 -5.818828E+37 0 0 0 -3.062541E+37 -3.062541E+37 0
0 0 0 0 0 -3.062541E+37 0 -3.062541E+37 -3.062541E+37 -3.062541E+37 0 -3.062541E+37
0 0 0 0 0 0 0 0 0 0 0 0
0 0 0 0 0 0 0 0 0 -3.062541E+37 0 -3.062541E+37
0 0 0 0 0 0 0 0 0 0 -3.062541E+37 0
0 -5.818828E+37 -5.818828E+37 0 0 0 0 0 0 0 -8.299486E+37 -8.299486E+37
0 0 -3.062541E+37 0 -3.062541E+37 -3.062541E+37 0 0 0 -3.062541E+37 -3.062541E+37 0
-3.062541E+37 -3.062541E+37 -3.062541E+37 0 -3.062541E+37 -3.062541E+37 0 0 0 -3.062541E+37 0 -5.818828E+37
0 -5.818828E+37 -5.818828E+37 -5.818828E+37 0 0 0 0 0 0 -5.818828E+37 -8.299486E+37
0 0 0 -3.062541E+37 -3.062541E+37 -3.062541E+37 0 0 0 -3.062541E+37 -3.062541E+37 0
0 -1.053208E+38 -1.053208E+38 -1.254141E+38 0 0 0 0 0 0 -1.254141E+38 -1.254141E+38
-3.062541E+37 -3.062541E+37 -3.062541E+37 -3.062541E+37 -3.062541E+37 -3.062541E+37 0 0 0 -3.062541E+37 -3.062541E+37 0
0 0 0 0 0 0 0 -3.062541E+37 0 -3.062541E+37 0 -3.062541E+37
0 -1.744218E+38 -1.87605E+38 -1.87605E+38 0 0 0 0 0 0 -1.87605E+38 -1.87605E+38
-3.062541E+37 -5.818828E+37 -5.818828E+37 -5.818828E+37 -5.818828E+37 -5.818828E+37 0 0 0 -5.818828E+37 -5.818828E+37 0
-5.818828E+37 -5.818828E+37 -5.818828E+37 -5.818828E+37 -5.818828E+37 -5.818828E+37 0 -1.053208E+38 0 -1.053208E+38 0 -8.299486E+37
0 0 0 0 0 0 0 0 0 0 0 0
0 0 0 0 0 0 0 0 0 0 0 0
0 -1.053208E+38 -1.254141E+38 0 0 0 0 0 0 0 -1.254141E+38 -1.254141E+38
-3.062541E+37 -3.062541E+37 -3.062541E+37 0 -3.062541E+37 -3.062541E+37 0 0 0 -3.062541E+37 -3.062541E+37 0
-3.062541E+37 -3.062541E+37 -3.062541E+37 0 -2.756287E+36 -7.717603E+36 0 0 0 -3.062541E+37 0 -3.062541E+37
0 0 0 0 0 0 -3.062541E+37 0 0 -3.062541E+37 -2.756287E+36 0
0 0 0 0 0 0 0 0 0 0 0 0
0 0 0 0 0 0.891 -3.062541E+37 0 0 -3.062541E+37 0 -3.062541E+37
0 0 0 0 0 0 0 0 0 0 -3.062541E+37 0
-1.053208E+38 -1.053208E+38 -1.053208E+38 -1.254141E+38 -1.053208E+38 -1.053208E+38 -1.053208E+38 -1.053208E+38 0 -1.053208E+38 0 -1.254141E+38
-3.062541E+37 -3.062541E+37 -3.062541E+37 -3.062541E+37 -3.062541E+37 -3.062541E+37 -5.818828E+37 0 0 -5.818828E+37 -5.818828E+37 0
0 -1.994699E+38 -2.101483E+38 0 0 0 0 0 0 0 -2.101483E+38 -2.101483E+38
-5.818828E+37 -5.818828E+37 -8.299486E+37 0 -8.299486E+37 -8.299486E+37 0 0 0 -1.053208E+38 -8.299486E+37 0
-1.053208E+38 -8.299486E+37 -8.299486E+37 0 -8.299486E+37 -8.299486E+37 0 0 0 -1.053208E+38 0 -1.053208E+38
0 0 -5.818828E+37 -5.818828E+37 -3.062541E+37 -3.062541E+37 -3.062541E+37 0 0 -3.062541E+37 0 -3.062541E+37
0 0 0 0 0 0 0 0 0 0 -3.062541E+37 0
-1.254141E+38 -1.254141E+38 -1.254141E+38 0 -1.434981E+38 -1.434981E+38 -1.434981E+38 0 0 -1.434981E+38 0 -1.434981E+38
-3.062541E+37 -3.062541E+37 -5.818828E+37 0 -5.818828E+37 -5.818828E+37 -5.818828E+37 0 0 -5.818828E+37 -5.818828E+37 0
-5.818828E+37 -5.818828E+37 -5.818828E+37 -5.818828E+37 -5.818828E+37 -8.299486E+37 -8.299486E+37 -1.053208E+38 0 -8.299486E+37 0 -8.299486E+37
-5.818828E+37 -5.818828E+37 -8.299486E+37 -5.818828E+37 -5.818828E+37 -5.818828E+37 -5.818828E+37 0 0 -5.818828E+37 -5.818828E+37 0
0 -1.053208E+38 -8.299486E+37 -8.299486E+37 0 0 0 0 0 0 -8.299486E+37 -1.053208E+38
-3.062541E+37 -5.818828E+37 -5.818828E+37 -5.818828E+37 -5.818828E+37 -5.818828E+37 0 0 0 -5.818828E+37 -5.818828E+37 0
-5.818828E+37 -5.818828E+37 -5.818828E+37 -5.818828E+37 -5.818828E+37 -5.818828E+37 0 -5.818828E+37 0 -5.818828E+37 0 -5.818828E+37
0 0 0 -5.818828E+37 -3.062541E+37 -3.062541E+37 -3.062541E+37 0 0 -3.062541E+37 0 -3.062541E+37
0 0 0 0 0 0 0 0 0 0 -3.062541E+37 0
-8.299486E+37 -8.299486E+37 -8.299486E+37 0 -1.053208E+38 -1.053208E+38 -1.053208E+38 0 0 -1.053208E+38 0 -1.053208E+38
-8.299486E+37 -8.299486E+37 -8.299486E+37 0 -8.299486E+37 -8.299486E+37 -8.299486E+37 0 0 -8.299486E+37 -1.053208E+38 0
0 -1.053208E+38 -1.053208E+38 0 0 0 0 0 0 0 -1.053208E+38 -1.254141E+38
-5.818828E+37 -5.818828E+37 -5.818828E+37 0 -5.818828E+37 -8.299486E+37 0 0 0 -8.299486E+37 -8.299486E+37 0
-5.818828E+37 -5.818828E+37 -5.818828E+37 0 -8.299486E+37 -8.299486E+37 0 0 0 -8.299486E+37 0 -8.299486E+37
0 0 0 0 0 0 0 0 0 0 0 0
-3.062541E+37 -3.062541E+37 -3.062541E+37 0 -5.818828E+37 -5.818828E+37 -5.818828E+37 0 0 -5.818828E+37 -5.818828E+37 0
-3.062541E+37 -3.062541E+37 -3.062541E+37 0 -3.062541E+37 -3.062541E+37 -3.062541E+37 0 0 -3.062541E+37 0 -3.062541E+37
0 -8.299486E+37 -8.299486E+37 0 0 0 0 0 0 0 -8.299486E+37 -1.053208E+38
-5.818828E+37 -5.818828E+37 -5.818828E+37 0 -5.818828E+37 -5.818828E+37 0 0 0 -5.818828E+37 -5.818828E+37 0
0 -3.062541E+37 -3.062541E+37 0 -3.062541E+37 -3.062541E+37 0 0 0 -3.062541E+37 0 -3.062541E+37
-3.062541E+37 -3.062541E+37 -3.062541E+37 -5.818828E+37 -5.818828E+37 -5.818828E+37 -5.818828E+37 0 0 -5.818828E+37 -5.818828E+37 0
0 0 -3.062541E+37 -3.062541E+37 -3.062541E+37 -3.062541E+37 -3.062541E+37 -3.062541E+37 0 -3.062541E+37 0 -3.062541E+37
0 -5.818828E+37 -8.299486E+37 -8.299486E+37 0 0 0 0 0 0 -8.299486E+37 -8.299486E+37
-3.062541E+37 -5.818828E+37 -5.818828E+37 -5.818828E+37 -5.818828E+37 -5.818828E+37 0 0 0 -5.818828E+37 -5.818828E+37 0
-3.062541E+37 -3.062541E+37 -3.062541E+37 -3.062541E+37 -3.062541E+37 -3.062541E+37 0 -5.818828E+37 0 -5.818828E+37 0 -5.818828E+37
0 0 -3.062541E+37 -3.062541E+37 -3.062541E+37 -3.062541E+37 -3.062541E+37 0 0 -3.062541E+37 -3.062541E+37 0
0 0 0 0 0 0 0 -3.062541E+37 0 -3.062541E+37 0 -3.062541E+37
0 -5.818828E+37 -3.062541E+37 0 0 0 0 0 0 0 -3.062541E+37 -3.062541E+37
0 0 0 0 0 -5.818828E+37 0 0 0 -3.062541E+37 -3.062541E+37 0
0 0 0 0 0 0 0 0 0 -3.062541E+37 0 -3.062541E+37
0 -5.818828E+37 -5.818828E+37 -8.299486E+37 0 0 0 0 0 0 -8.299486E+37 -8.299486E+37
0 0 -5.818828E+37 -5.818828E+37 -3.062541E+37 -3.062541E+37 0 0 0 -3.062541E+37 -3.062541E+37 0
0 0 0 0 0 0 0 0 -3.062541E+37 -3.062541E+37 0 -3.062541E+37
0 -5.818828E+37 -3.062541E+37 -5.818828E+37 0 0 0 0 0 0 -8.299486E+37 -8.299486E+37
0 0 -3.062541E+37 -3.062541E+37 -3.062541E+37 -3.062541E+37 -3.062541E+37 0 0 -3.062541E+37 -3.062541E+37 0
0 0 0 0 0 0 0 0 0 -3.062541E+37 0 -3.062541E+37
0 -5.818828E+37 -5.818828E+37 -5.818828E+37 0 0 0 0 0 0 -5.818828E+37 -5.818828E+37
-3.062541E+37 -3.062541E+37 -3.062541E+37 -3.062541E+37 -3.062541E+37 -5.818828E+37 0 0 0 -5.818828E+37 -5.818828E+37 0
0 0 0 0 0 -3.062541E+37 0 -3.062541E+37 0 -3.062541E+37 0 -3.062541E+37
0 0 0 -3.062541E+37 -3.062541E+37 -3.062541E+37 -3.062541E+37 0 0 -3.062541E+37 -3.062541E+37 0
0 0 0 0 0 0 0 0 0 0 0 -3.062541E+37
0 -3.062541E+37 -5.818828E+37 -5.818828E+37 0 0 0 0 0 0 -5.818828E+37 -5.818828E+37
0 -3.062541E+37 -3.062541E+37 -3.062541E+37 -3.062541E+37 -3.062541E+37 0 0 0 -3.062541E+37 -3.062541E+37 0
0 0 0 0 0 0 0 -3.062541E+37 0 -3.062541E+37 0 -3.062541E+37
0 -5.818828E+37 -5.818828E+37 0 0 0 0 0 0 0 -5.818828E+37 -5.818828E+37
-3.062541E+37 -3.062541E+37 -3.062541E+37 0 -3.062541E+37 -3.062541E+37 0 0 0 -3.062541E+37 -3.062541E+37 0
0 0 -3.062541E+37 0 -3.062541E+37 -3.062541E+37 0 0 0 -3.062541E+37 0 -3.062541E+37
0 0 0 0 -3.062541E+37 -3.062541E+37 -3.062541E+37 0 0 -3.062541E+37 0 -3.062541E+37
-3.062541E+37 -3.062541E+37 -3.062541E+37 0 -3.062541E+37 -3.062541E+37 -3.062541E+37 0 0 -3.062541E+37 -5.818828E+37 0
0 0 0 0 0 0 0 0 0 0 0 0
0 0 -5.39617E+36 0 -3.062541E+37 -2.480658E+36 -5.818828E+37 0 0 -8.299486E+37 0 -8.299486E+37
0 0 0 0 0 0 0 0 0 -8.299486E+37 -8.299486E+37 0
0 0 0 0 0 0 0 0 -3.062541E+37 -5.818828E+37 0 -5.818828E+37
0 0 0 0 0 0 0 0 0 -5.818828E+37 -5.818828E+37 0
0 0 0 0 0 0 0 0 0 0 -5.818828E+37 -5.818828E+37
0 0 0 0 0 -3.062541E+37 0 0 0 -3.062541E+37 0 -3.062541E+37
0 0 0 0 0 0 0 0 0 -3.062541E+37 -3.062541E+37 0
0 0 -3.062541E+37 0 0 0 0 0 0 0 -3.062541E+37 -3.062541E+37
0 0 0 0 0 0 0 0 0 -3.062541E+37 0 -3.062541E+37
0 0 0 0 0 0 0 0 0 0 -3.062541E+37 0
0 0 0 -3.062541E+37 0 0 0 0 0 0 -3.062541E+37 -3.062541E+37
0 0 0 0 0 0 0 0 0 -3.062541E+37 -3.062541E+37 0
0 0 0 0 0 0 0 0 0 -3.062541E+37 0 -3.062541E+37
0 0 0 -3.062541E+37 0 0 0 0 0 0 -3.062541E+37 -3.062541E+37
0 0 0 0 0 0 0 0 0 -3.062541E+37 -3.062541E+37 0
0 0 0 0 0 0 0 0 0 -3.062541E+37 0 -3.062541E+37
0 0 0 0 0 0 -3.062541E+37 0 0 -3.062541E+37 -3.062541E+37 0
0 0 0 0 0 0 -3.062541E+37 0 0 -3.062541E+37 0 -3.062541E+37
0 0 0 0 0 0 -3.062541E+37 0 0 -3.062541E+37 -3.062541E+37 0
0 0 0 0 0 0 -3.062541E+37 -3.062541E+37 0 -3.062541E+37 0 -3.062541E+37
0 0 0 0 -3.062541E+37 -3.062541E+37 -3.062541E+37 0 0 -3.062541E+37 -3.062541E+37 0
0 0 0 0 0 0 0 0 0 0 0 -3.062541E+37
0 -3.062541E+37 -3.062541E+37 -5.818828E+37 0 0 0 0 0 0 -5.818828E+37 -5.818828E+37
0 -3.062541E+37 -3.062541E+37 -3.062541E+37 -3.062541E+37 -3.062541E+37 0 0 0 -3.062541E+37 -3.062541E+37 0
0 0 0 0 0 0 0 -3.062541E+37 0 -3.062541E+37 0 -3.062541E+37
0 -5.818828E+37 -5.818828E+37 0 0 0 0 0 0 0 -5.818828E+37 -5.818828E+37
0 -3.062541E+37 -3.062541E+37 0 -3.062541E+37 -3.062541E+37 0 0 0 -3.062541E+37 -3.062541E+37 0
0 0 0 0 -3.062541E+37 -3.062541E+37 0 0 0 -3.062541E+37 0 -3.062541E+37
0 0 0 0 0 -3.062541E+37 -3.062541E+37 0 0 -3.062541E+37 -3.062541E+37 0
0 0 0 0 0 0 0 0 0 -3.062541E+37 0 -3.062541E+37
0 0 0 0 -3.062541E+37 -3.062541E+37 -3.062541E+37 0 0 -3.062541E+37 -3.062541E+37 0
0 0 0 0 0 -3.062541E+37 -3.062541E+37 0 0 -3.062541E+37 0 -3.062541E+37
0 -5.818828E+37 -5.818828E+37 0 0 0 0 0 0 0 -5.818828E+37 -5.818828E+37
0 0 -3.062541E+37 0 -3.062541E+37 -3.062541E+37 0 0 0 -3.062541E+37 -3.062541E+37 0
0 0 0 0 -3.062541E+37 -3.062541E+37 0 0 0 -3.062541E+37 0 -3.062541E+37
0 0 0 0 0 0 0 0 0 0 0 0
0 0 0 0 0 -3.062541E+37 -3.062541E+37 0 0 -3.062541E+37 0 -3.062541E+37
0 0 0 0 0 0 0 0 0 0 -3.062541E+37 0
0 0 0 0 0 0 0 0 0 0 0 0
0 0 0 0 0 0 0 0 0 0 0 0
0 0 0 0 0 -3.062541E+37 -3.062541E+37 0 0 -3.062541E+37 -3.062541E+37 0
0 0 0 0 0 0 0 0 0 0 0 -3.062541E+37
0 -3.062541E+37 -3.062541E+37 -3.062541E+37 0 0 0 0 0 0 -3.062541E+37 -3.062541E+37
0 0 0 -3.062541E+37 -3.062541E+37 -3.062541E+37 0 0 0 -3.062541E+37 -3.062541E+37 0
0 0 0 0 0 0 0 0 0 -3.062541E+37 0 -3.062541E+37
0 0 0 -5.818828E+37 0 0 0 0 0 0 -5.818828E+37 -3.062541E+37
0 0 0 0 0 -3.062541E+37 -3.062541E+37 0 0 -3.062541E+37 -3.062541E+37 0
0 0 0 0 0 0 0 0 0 0 0 -3.062541E+37
0 -3.062541E+37 -3.062541E+37 -3.062541E+37 0 0 0 0 0 0 -3.062541E+37 -3.062541E+37
0 0 0 0 -3.062541E+37 -3.062541E+37 0 0 0 -3.062541E+37 -3.062541E+37 0
0 0 0 0 0 0 0 0 0 -3.062541E+37 0 -3.062541E+37
0 -3.062541E+37 -3.062541E+37 0 0 0 0 0 0 0 -3.062541E+37 -5.818828E+37
0 0 -3.062541E+37 0 -3.062541E+37 -3.062541E+37 0 0 0 -3.062541E+37 -3.062541E+37 0
0 0 0 0 0 0 0 0 0 -3.062541E+37 0 -3.062541E+37
0 0 0 0 0 0 0 0 0 0 0 -3.062541E+37
0 0 0 0 0 0 -3.062541E+37 0 0 -3.062541E+37 -3.062541E+37 0
0 0 0 0 0 0 0 0 0 0 0 -3.062541E+37
0 0 0 0 0 0 0 0 0 -3.062541E+37 -3.062541E+37 0
0 0 0 0 0 0 0 0 0 0 0 -3.062541E+37
0 0 0 -3.062541E+37 0 0 0 0 0 0 -3.062541E+37 -3.062541E+37
0 0 0 0 0 0 0 0 0 -3.062541E+37 -3.062541E+37 0
0 0 0 0 0 0 0 0 0 -3.062541E+37 0 -3.062541E+37
0 -3.062541E+37 -3.062541E+37 0 0 0 0 0 0 0 -3.062541E+37 -3.062541E+37
0 0 0 0 0 0 0 0 0 -3.062541E+37 -3.062541E+37 0
0 0 0 0 0 0 0 0 0 -3.062541E+37 0 -3.062541E+37
0 0 0 0 0 0 0 0 0 0 0 0
0 0 0 0 0 0 0 0 0 0 0 0
0 0 0 0 0 0 0 0 0 -3.062541E+37 -3.062541E+37 0
0 0 0 0 0 0 0 0 -3.062541E+37 -5.818828E+37 0 -3.062541E+37
0 0 0 0 0 0 0 0 0 0 -5.818828E+37 0
0 -1.053208E+38 -8.299486E+37 0 0 0 0 0 0 0 -1.053208E+38 -1.254141E+38
0 0 -5.818828E+37 0 -5.818828E+37 -3.062541E+37 0 0 0 -5.818828E+37 -5.818828E+37 0
0 0 0 0 0 0 0 0 -3.062541E+37 -5.818828E+37 0 -5.818828E+37
0 0 0 0 -3.062541E+37 -3.062541E+37 -3.062541E+37 0 0 -5.818828E+37 -5.818828E+37 0
0 0 0 0 0 -3.062541E+37 -3.062541E+37 -5.818828E+37 0 -3.062541E+37 0 -5.818828E+37
0 0 0 0 0 0 0 0 0 0 -3.062541E+37 0
0 0 -3.062541E+37 -3.062541E+37 -3.062541E+37 -3.062541E+37 0 0 0 -3.062541E+37 -3.062541E+37 0
0 0 0 0 0 0 0 0 0 -3.062541E+37 0 -3.062541E+37
0 -3.062541E+37 -3.062541E+37 -3.062541E+37 0 0 0 0 0 0 -3.062541E+37 -3.062541E+37
0 0 0 0 0 0 -3.062541E+37 0 0 -3.062541E+37 -3.062541E+37 0
0 0 0 0 0 0 0 0 0 0 0 -3.062541E+37
0 0 0 -3.062541E+37 -3.062541E+37 -3.062541E+37 0 0 0 -3.062541E+37 -3.062541E+37 0
0 0 0 0 0 0 0 0 0 -3.062541E+37 0 -3.062541E+37
0 -3.062541E+37 -3.062541E+37 -3.062541E+37 0 0 0 0 0 0 -5.818828E+37 -5.818828E+37
0 0 0 0 0 0 -3.062541E+37 0 0 -3.062541E+37 -3.062541E+37 0
0 0 0 0 0 0 0 0 0 0 0 -3.062541E+37
0 -3.062541E+37 -3.062541E+37 0 0 0 0 0 0 0 -3.062541E+37 -5.818828E+37
0 0 -3.062541E+37 0 -3.062541E+37 -3.062541E+37 0 0 0 -3.062541E+37 -3.062541E+37 0
0 0 0 0 0 -3.062541E+37 0 0 0 -3.062541E+37 0 -3.062541E+37
0 -5.818828E+37 -5.818828E+37 0 0 0 0 0 0 0 -5.818828E+37 -5.818828E+37
0 -3.062541E+37 -3.062541E+37 0 -3.062541E+37 -3.062541E+37 0 0 0 -3.062541E+37 -3.062541E+37 0
-3.062541E+37 -3.062541E+37 -3.062541E+37 0 -3.062541E+37 -3.062541E+37 0 0 0 -3.062541E+37 0 -3.062541E+37
0 0 0 0 -3.062541E+37 -3.062541E+37 -3.062541E+37 0 0 -3.062541E+37 0 -3.062541E+37
0 0 0 0 0 0 -3.062541E+37 0 0 -3.062541E+37 -3.062541E+37 0
0 0 0 0 0 0 0 0 0 0 0 0
-3.062541E+37 -3.062541E+37 -3.062541E+37 -3.062541E+37 -3.062541E+37 -3.062541E+37 0 -3.062541E+37 0 -3.062541E+37 0 -5.818828E+37
0 -3.062541E+37 -3.062541E+37 -3.062541E+37 -3.062541E+37 -3.062541E+37 0 0 0 -3.062541E+37 -3.062541E+37 0
0 -3.062541E+37 -3.062541E+37 -5.818828E+37 0 0 0 0 0 0 -5.818828E+37 -5.818828E+37
0 0 0 0 0 -3.062541E+37 -3.062541E+37 0 0 -3.062541E+37 0 -3.062541E+37
0 0 0 0 0 0 0 0 0 0 -3.062541E+37 0
0 0 0 0 0 0 -3.062541E+37 0 0 -3.062541E+37 -3.062541E+37 0
0 0 0 0 -3.062541E+37 -3.062541E+37 -3.062541E+37 -3.062541E+37 0 -3.062541E+37 0 -3.062541E+37
0 0 0 0 0 0 -3.062541E+37 -3.062541E+37 0 -3.062541E+37 0 -3.062541E+37
0 0 0 0 0 0 -3.062541E+37 0 0 -3.062541E+37 -3.062541E+37 0
0 -3.062541E+37 -3.062541E+37 -3.062541E+37 0 0 0 0 0 0 -5.818828E+37 -5.818828E+37
0 0 0 -3.062541E+37 -3.062541E+37 -3.062541E+37 0 0 0 -3.062541E+37 -3.062541E+37 0
0 0 0 0 -3.062541E+37 -3.062541E+37 0 -3.062541E+37 0 -3.062541E+37 0 -3.062541E+37
0 0 0 0 0 0 -3.062541E+37 0 0 -3.062541E+37 0 -3.062541E+37
0 0 0 0 0 0 0 0 0 0 -3.062541E+37 0
0 -3.062541E+37 -3.062541E+37 0 0 0 0 0 0 0 -3.062541E+37 -3.062541E+37
0 0 0 0 0 -3.062541E+37 0 0 0 -3.062541E+37 -3.062541E+37 0
0 0 0 0 0 0 0 0 0 -3.062541E+37 0 -3.062541E+37
0 0 0 0 0 0 0 0 0 -3.062541E+37 -3.062541E+37 0
0 0 0 0 0 0 0 0 0 0 0 -3.062541E+37
0 0 0 0 0 0 -5.818828E+37 0 0 -3.062541E+37 -3.062541E+37 0
0 0 0 0 0 0 0 0 0 -3.062541E+37 0 -3.062541E+37
0 0 0 0 -3.062541E+37 -3.062541E+37 0 -3.062541E+37 0 -3.062541E+37 0 -3.062541E+37
0 0 0 -3.062541E+37 -3.062541E+37 -3.062541E+37 0 0 0 -3.062541E+37 -3.062541E+37 0
0 -3.062541E+37 -3.062541E+37 -5.818828E+37 0 0 0 0 0 0 -5.818828E+37 -5.818828E+37
0 0 0 0 0 0 0 0 0 -3.062541E+37 0 -3.062541E+37
0 0 0 0 0 0 0 0 0 -3.062541E+37 -3.062541E+37 0
0 0 0 0 0 0 0 0 0 0 0 -3.062541E+37
0 0 0 0 0 0 0 0 0 0 -3.062541E+37 -3.062541E+37
0 0 0 0 0 0 0 0 0 -3.062541E+37 -3.062541E+37 0
0 0 0 0 0 0 0 0 0 -3.062541E+37 0 -3.062541E+37
0 -3.062541E+37 -3.062541E+37 -3.062541E+37 0 0 0 0 0 0 -3.062541E+37 -5.818828E+37
0 0 0 0 0 0 -3.062541E+37 0 0 -3.062541E+37 -3.062541E+37 0
0 0 0 0 0 0 0 -3.062541E+37 0 -3.062541E+37 0 -3.062541E+37
0 0 0 -3.062541E+37 0 0 0 0 0 0 -3.062541E+37 -3.062541E+37
0 0 0 0 0 -3.062541E+37 0 0 0 -3.062541E+37 -3.062541E+37 0
0 0 0 0 0 0 0 0 0 0 0 -3.062541E+37
0 0 0 0 0 0 0 0 0 0 0 -3.062541E+37
0 0 0 0 0 0 0 0 0 -3.062541E+37 -3.062541E+37 0
0 0 0 0 0 0 0 0 0 0 0 -3.062541E+37
0 0 0 0 0 0 0 0 0 0 0 0
0 0 0 0 0 0 0 0 0 0 0 0
0 0 0 0 0 -3.062541E+37 -3.062541E+37 -5.818828E+37 0 -3.062541E+37 0 -3.062541E+37
0 0 0 0 0 0 -5.818828E+37 0 0 -5.818828E+37 -3.062541E+37 0
0 0 0 0 0 -3.062541E+37 0 -5.818828E+37 -3.062541E+37 -3.062541E+37 0 -3.062541E+37
0 0 0 -5.818828E+37 -5.818828E+37 -5.818828E+37 0 0 0 -5.818828E+37 -3.062541E+37 0
0 0 0 0 0 -5.818828E+37 -3.062541E+37 0 -3.062541E+37 -5.818828E+37 0 -5.818828E+37
0 0 0 0 0 0 0 0 0 0 -5.818828E+37 0
0 -3.062541E+37 -3.062541E+37 -3.062541E+37 -3.062541E+37 -3.062541E+37 0 0 0 -3.062541E+37 -3.062541E+37 0
0 0 0 0 0 -3.062541E+37 0 -3.062541E+37 0 -3.062541E+37 0 -3.062541E+37
0 -3.062541E+37 -3.062541E+37 -5.818828E+37 0 0 0 0 0 0 -5.818828E+37 -5.818828E+37
0 0 0 0 0 0 -3.062541E+37 0 0 -3.062541E+37 -3.062541E+37 0
0 0 0 0 0 0 0 -3.062541E+37 0 -3.062541E+37 0 -3.062541E+37
0 0 0 0 0 -3.062541E+37 -3.062541E+37 0 0 -3.062541E+37 0 -3.062541E+37
0 0 0 0 0 0 -3.062541E+37 0 0 -3.062541E+37 -3.062541E+37 0
0 -3.062541E+37 -5.818828E+37 0 0 0 0 0 0 0 -5.818828E+37 -5.818828E+37
-3.062541E+37 -3.062541E+37 -3.062541E+37 0 -3.062541E+37 -3.062541E+37 0 0 0 -3.062541E+37 -5.818828E+37 0
0 0 -3.062541E+37 0 -3.062541E+37 -3.062541E+37 0 0 0 -3.062541E+37 0 -3.062541E+37
0 -3.062541E+37 -3.062541E+37 -3.062541E+37 -3.062541E+37 -3.062541E+37 0 0 0 -3.062541E+37 -3.062541E+37 0
0 0 0 0 0 0 0 -3.062541E+37 0 -3.062541E+37 0 -3.062541E+37
0 -3.062541E+37 -3.062541E+37 -5.818828E+37 0 0 0 0 0 0 -5.818828E+37 -5.818828E+37
0 0 0 0 0 0 -3.062541E+37 0 0 -3.062541E+37 -3.062541E+37 0
0 0 0 0 0 0 0 0 0 0 0 -3.062541E+37
0 0 0 0 0 0 0 0 0 0 0 0
0 -5.818828E+37 -3.062541E+37 0 0 0 0 0 0 0 -8.299486E+37 -5.818828E+37
0 0 0 0 -3.062541E+37 -3.062541E+37 0 0 0 -3.062541E+37 -3.062541E+37 0
0 0 0 0 0 0 0 0 -3.062541E+37 -3.062541E+37 0 -3.062541E+37
0 0 0 0 0 0 0 0 0 0 0 0
0 0 0 0 0 0 0 0 0 -5.818828E+37 -3.062541E+37 0
0 0 0 0 0 0 0 0 0 0 0 -5.818828E+37
0 0 0 0 0 0 0 0 0 -5.818828E+37 0 -5.818828E+37
0 0 0 0 0 0 0 0 0 -5.818828E+37 -5.818828E+37 0
0 0 0 -5.818828E+37 0 0 0 0 0 0 -5.818828E+37 -5.818828E+37
0 0 0 0 0 0 0 0 0 -5.818828E+37 -5.818828E+37 0
0 0 0 0 0 0 0 0 0 -5.818828E+37 0 -5.818828E+37
0 0 0 0 0 0 0 0 0 0 0 -3.062541E+37
0 0 0 -3.062541E+37 -3.062541E+37 -3.062541E+37 0 0 0 -3.062541E+37 -3.062541E+37 0
0 0 0 0 0 0 0 0 0 -3.062541E+37 0 -3.062541E+37
0 0 0 -3.062541E+37 0 0 0 0 0 0 -3.062541E+37 -3.062541E+37
0 0 0 0 0 0 -3.062541E+37 0 0 -3.062541E+37 -3.062541E+37 0
0 0 0 0 0 0 0 0 0 0 0 -3.062541E+37
0 0 0 0 0 0 0 0 0 0 0 -3.062541E+37
-3.062541E+37 -3.062541E+37 -3.062541E+37 -3.062541E+37 -3.062541E+37 -3.062541E+37 0 0 0 -3.062541E+37 -3.062541E+37 0
0 0 0 0 0 0 0 0 0 -3.062541E+37 0 -3.062541E+37
0 -3.062541E+37 -3.062541E+37 -3.062541E+37 0 0 0 0 0 0 -3.062541E+37 -5.818828E+37
0 0 0 0 0 0 -3.062541E+37 0 0 -3.062541E+37 -3.062541E+37 0
0 0 0 0 0 0 0 0 0 0 0 -3.062541E+37
0 0 0 0 0 0 0 0 0 0 0 -3.062541E+37
-5.818828E+37 -5.818828E+37 -3.062541E+37 -3.062541E+37 -3.062541E+37 -3.062541E+37 0 0 0 -3.062541E+37 -3.062541E+37 0
0 0 0 0 0 0 0 0 0 -3.062541E+37 0 -3.062541E+37
0 -3.062541E+37 -3.062541E+37 -3.062541E+37 0 0 0 0 0 0 -8.299486E+37 -5.818828E+37
0 0 0 0 0 0 -3.062541E+37 0 0 -3.062541E+37 -3.062541E+37 0
0 0 0 0 0 0 0 0 0 0 0 -3.062541E+37
0 -3.062541E+37 -3.062541E+37 0 0 0 0 0 0 0 -3.062541E+37 -5.818828E+37
0 -3.062541E+37 -3.062541E+37 0 -3.062541E+37 -3.062541E+37 0 0 0 -3.062541E+37 -3.062541E+37 0
0 0 0 0 0 0 0 0 0 -3.062541E+37 0 -3.062541E+37
0 0 0 0 0 0 -3.062541E+37 0 0 -3.062541E+37 -3.062541E+37 0
0 0 0 0 0 0 0 0 0 0 0 -3.062541E+37
0 0 0 -5.818828E+37 -5.818828E+37 -3.062541E+37 0 0 0 -3.062541E+37 -3.062541E+37 0
0 0 0 0 0 0 0 0 -3.062541E+37 -3.062541E+37 0 -3.062541E+37
0 0 -5.818828E+37 -3.062541E+37 0 0 0 0 0 0 -3.062541E+37 -3.062541E+37
0 0 0 0 0 0 -5.818828E+37 0 0 -3.062541E+37 -3.062541E+37 0
0 0 0 0 0 0 0 0 0 0 0 -3.062541E+37
0 -3.062541E+37 -3.062541E+37 0 0 0 0 0 0 0 -3.062541E+37 -5.818828E+37
0 -5.818828E+37 -3.062541E+37 0 -3.062541E+37 -3.062541E+37 0 0 0 -3.062541E+37 -3.062541E+37 0
0 0 0 0 0 0 0 0 0 -3.062541E+37 0 -3.062541E+37
0 0 0 0 0 0 -3.062541E+37 0 0 -3.062541E+37 -3.062541E+37 0
0 0 0 0 0 0 0 0 0 0 0 -3.062541E+37
0 0 0 0 0 -5.818828E+37 0 0 0 -5.818828E+37 -5.818828E+37 0
0 0 0 0 0 0 0 0 0 -5.818828E+37 0 -5.818828E+37
0 0 0 -5.818828E+37 0 0 0 0 0 0 -5.818828E+37 -5.818828E+37
0 0 0 0 0 0 0 0 0 -5.818828E+37 -5.818828E+37 0
0 0 0 0 0 0 0 0 0 0 0 -5.818828E+37
0 0 0 0 0 0 0 -3.062541E+37 0 -3.062541E+37 0 -3.062541E+37
0 0 0 -3.062541E+37 -3.062541E+37 -3.062541E+37 0 0 0 -3.062541E+37 -3.062541E+37 0
0 -3.062541E+37 -3.062541E+37 -3.062541E+37 0 0 0 0 0 0 -3.062541E+37 -3.062541E+37
0 0 0 0 0 0 0 0 0 -3.062541E+37 0 -3.062541E+37
0 0 0 0 0 0 0 0 0 0 -3.062541E+37 0
0 0 0 -3.062541E+37 0 0 0 0 0 0 -3.062541E+37 -3.062541E+37
0 0 0 0 0 0 -3.062541E+37 0 0 -3.062541E+37 -3.062541E+37 0
0 0 0 0 0 0 0 0 0 0 0 -3.062541E+37
0 0 0 0 0 0 0 0 0 -3.062541E+37 0 -3.062541E+37
0 0 0 0 0 -3.062541E+37 0 0 0 -3.062541E+37 -3.062541E+37 0
0 0 0 0 0 0 0 0 0 -3.062541E+37 0 -3.062541E+37
0 0 0 0 0 0 0 0 0 0 -3.062541E+37 -3.062541E+37
0 0 0 0 0 0 0 0 0 -3.062541E+37 -3.062541E+37 0
0 0 0 0 0 0 0 0 0 0 0 -3.062541E+37
0 0 -3.062541E+37 -3.062541E+37 0 0 0 0 0 0 -3.062541E+37 -3.062541E+37
0 0 0 0 0 0 0 0 0 -3.062541E+37 -3.062541E+37 0
0 0 0 0 0 0 0 -3.062541E+37 0 -3.062541E+37 0 -3.062541E+37
0 0 0 -3.062541E+37 0 0 0 0 0 0 -3.062541E+37 -3.062541E+37
0 0 0 0 0 0 0 0 0 -3.062541E+37 -3.062541E+37 0
0 0 0 0 0 0 0 0 0 -3.062541E+37 0 -3.062541E+37
0 0 -3.062541E+37 -3.062541E+37 0 0 0 0 0 0 -3.062541E+37 -3.062541E+37
0 0 0 -3.062541E+37 -3.062541E+37 -3.062541E+37 0 0 0 -3.062541E+37 -3.062541E+37 0
0 0 0 0 0 0 0 0 0 -3.062541E+37 0 -3.062541E+37
0 0 0 0 0 0 0 0 0 0 -3.062541E+37 -3.062541E+37
0 0 0 0 0 0 -3.062541E+37 0 0 -3.062541E+37 -3.062541E+37 0
0 0 0 0 0 0 0 0 0 0 0 -3.062541E+37
0 0 0 0 0 0 0 0 0 0 0 -3.062541E+37
0 0 0 0 0 0 0 0 0 -3.062541E+37 -3.062541E+37 0
0 0 0 0 0 0 0 0 0 -3.062541E+37 0 -3.062541E+37
0 0 0 0 0 0 0 0 0 0 -3.062541E+37 0
0 0 -3.062541E+37 -3.062541E+37 -3.062541E+37 -3.062541E+37 0 0 0 -3.062541E+37 -3.062541E+37 0
0 0 0 0 0 0 0 -3.062541E+37 0 -3.062541E+37 0 -3.062541E+37
0 -3.062541E+37 -3.062541E+37 -5.818828E+37 0 0 0 0 0 0 -5.818828E+37 -5.818828E+37
0 0 0 0 0 0 0 0 0 -3.062541E+37 -3.062541E+37 0
0 0 0 0 0 0 0 0 0 0 0 -3.062541E+37
0 -3.062541E+37 -3.062541E+37 -3.062541E+37 0 0 0 0 0 0 -3.062541E+37 -3.062541E+37
0 0 0 -3.062541E+37 -3.062541E+37 -3.062541E+37 0 0 0 -3.062541E+37 -3.062541E+37 0
0 0 0 0 0 0 0 0 0 -3.062541E+37 0 -3.062541E+37
0 0 0 0 0 0 0 0 0 0 -3.062541E+37 -3.062541E+37
0 0 0 0 0 0 -3.062541E+37 0 0 -3.062541E+37 -3.062541E+37 0
0 0 0 0 0 0 0 0 0 0 0 -3.062541E+37
0 0 0 0 0 0 0 0 0 0 0 -3.062541E+37
0 0 0 0 -3.062541E+37 -3.062541E+37 0 0 0 -3.062541E+37 -3.062541E+37 0
0 0 0 0 0 0 0 0 0 -3.062541E+37 0 -3.062541E+37
0 0 -3.062541E+37 -3.062541E+37 0 0 0 0 0 0 -3.062541E+37 -3.062541E+37
0 0 0 0 0 -3.062541E+37 -3.062541E+37 0 0 -3.062541E+37 -3.062541E+37 0
0 0 0 0 0 0 0 0 0 0 0 -3.062541E+37
0 0 0 0 0 0 0 0 0 -3.062541E+37 0 -3.062541E+37
0 0 0 0 0 0 0 0 0 -3.062541E+37 -3.062541E+37 0
0 0 0 0 0 0 0 0 0 -3.062541E+37 0 -3.062541E+37
0 0 0 0 0 0 0 0 0 -3.062541E+37 -3.062541E+37 0
0 0 0 0 0 0 0 0 0 0 0 -3.062541E+37
0 0 -3.062541E+37 0 0 0 0 0 0 0 -3.062541E+37 -3.062541E+37
0 0 0 0 0 0 0 0 0 -3.062541E+37 -3.062541E+37 0
0 0 0 0 0 0 0 0 0 -3.062541E+37 0 -3.062541E+37
0 -3.062541E+37 -3.062541E+37 0 0 0 0 0 0 0 -3.062541E+37 -5.818828E+37
0 0 -3.062541E+37 0 -3.062541E+37 -3.062541E+37 0 0 0 -3.062541E+37 -3.062541E+37 0
0 0 0 0 0 0 0 0 0 -3.062541E+37 0 -3.062541E+37
0 0 -3.062541E+37 -3.062541E+37 -3.062541E+37 -3.062541E+37 0 0 0 -3.062541E+37 -3.062541E+37 0
0 0 0 0 0 0 0 0 0 -3.062541E+37 0 -3.062541E+37
0 -3.062541E+37 -3.062541E+37 -3.062541E+37 0 0 0 0 0 0 -3.062541E+37 -5.818828E+37
0 0 0 0 0 0 -3.062541E+37 0 0 -3.062541E+37 -3.062541E+37 0
0 0 0 0 0 0 0 0 0 0 0 -3.062541E+37
0 0 0 0 0 0 0 0 0 0 0 -3.062541E+37
0 0 0 0 0 0 0 0 0 -3.062541E+37 -3.062541E+37 0
0 0 0 0 0 0 0 0 0 0 0 -3.062541E+37
0 -3.062541E+37 -3.062541E+37 -3.062541E+37 0 0 0 0 0 0 -3.062541E+37 -3.062541E+37
0 -3.062541E+37 -3.062541E+37 -3.062541E+37 -3.062541E+37 -3.062541E+37 0 0 0 -3.062541E+37 -3.062541E+37 0
0 0 0 0 0 0 0 0 0 -3.062541E+37 0 -3.062541E+37
0 0 0 0 0 0 -3.062541E+37 0 0 -3.062541E+37 -3.062541E+37 0
0 0 0 0 0 0 0 0 0 0 0 -3.062541E+37
0 0 0 -3.062541E+37 -3.062541E+37 -3.062541E+37 0 0 0 -3.062541E+37 -3.062541E+37 0
0 0 0 0 0 0 0 0 0 -3.062541E+37 0 -3.062541E+37
0 0 -3.062541E+37 -3.062541E+37 0 0 0 0 0 0 -3.062541E+37 -3.062541E+37
0 0 0 0 0 0 -3.062541E+37 0 0 -3.062541E+37 -3.062541E+37 0
0 0 0 0 0 0 0 0 0 0 0 -3.062541E+37
0 0 0 0 0 -3.062541E+37 0 0 0 -3.062541E+37 -3.062541E+37 0
0 0 0 0 0 0 0 0 0 -3.062541E+37 0 -3.062541E+37
0 0 0 -3.062541E+37 0 0 0 0 0 0 -3.062541E+37 -3.062541E+37
0 0 0 0 0 0 0 0 0 -3.062541E+37 -3.062541E+37 0
0 0 0 0 0 0 0 0 0 0 0 -3.062541E+37
0 0 0 0 0 0 0 0 0 -3.062541E+37 0 -3.062541E+37
0 0 0 0 0 0 0 0 0 -3.062541E+37 -3.062541E+37 0
0 0 0 0 0 0 0 0 0 0 0 -3.062541E+37
0 0 0 0 0 0 0 0 0 0 0 0
0 0 -3.062541E+37 0 -3.062541E+37 -3.062541E+37 -3.062541E+37 0 0 -5.818828E+37 -5.818828E+37 0
0 0 0 0 0 0 0 0 0 -3.062541E+37 0 -5.818828E+37
0 0 0 0 0 0 0 0 0 0 0 0
0 0 0 0 0 0 0 0 -3.062541E+37 -5.818828E+37 0 -5.818828E+37
0 0 0 0 0 0 0 0 0 0 -5.818828E+37 0
0 0 0 0 0 0 0 0 0 -5.818828E+37 0 -5.818828E+37
0 0 0 0 0 0 0 0 0 0 -5.818828E+37 0
0 0 0 0 0 0 0 0 0 -3.062541E+37 0 -3.062541E+37
0 0 0 0 0 0 -3.062541E+37 0 0 -3.062541E+37 -3.062541E+37 0
0 -3.062541E+37 -3.062541E+37 0 -3.062541E+37 -3.062541E+37 0 0 0 -3.062541E+37 -3.062541E+37 0
0 0 0 0 0 0 0 0 0 -3.062541E+37 0 -3.062541E+37
0 0 -3.062541E+37 0 0 0 0 0 0 0 -3.062541E+37 -3.062541E+37
0 0 0 0 0 0 -3.062541E+37 0 0 -3.062541E+37 -3.062541E+37 0
0 0 0 0 0 0 0 0 0 0 0 -3.062541E+37
0 0 0 0 0 0 0 0 0 0 0 0
0 0 0 0 0 0 0 0 0 -5.818828E+37 -5.818828E+37 0
0 0 0 0 0 0 0 0 0 0 0 -5.818828E+37
0 0 0 0 0 0 -3.062541E+37 0 0 -3.062541E+37 -3.062541E+37 0
0 0 0 0 0 0 0 0 0 0 0 -3.062541E+37
0 0 0 -3.062541E+37 -3.062541E+37 -3.062541E+37 0 0 0 -3.062541E+37 -3.062541E+37 0
0 0 0 0 0 0 0 0 0 -3.062541E+37 0 -3.062541E+37
0 0 -3.062541E+37 -3.062541E+37 0 0 0 0 0 0 -3.062541E+37 -3.062541E+37
0 0 0 0 0 0 -3.062541E+37 0 0 -3.062541E+37 -3.062541E+37 0
0 0 0 0 0 0 0 0 0 0 0 -3.062541E+37
0 -3.062541E+37 -3.062541E+37 0 0 0 0 0 0 0 -3.062541E+37 -3.062541E+37
0 0 0 0 0 0 0 0 0 -3.062541E+37 -3.062541E+37 0
0 0 0 0 0 0 0 0 0 -3.062541E+37 0 -3.062541E+37
0 0 0 0 0 -3.062541E+37 0 0 0 -3.062541E+37 -3.062541E+37 0
0 0 0 0 0 0 0 0 0 -3.062541E+37 0 -3.062541E+37
0 0 0 -3.062541E+37 0 0 0 0 0 0 -3.062541E+37 -3.062541E+37
0 0 0 0 0 0 0 0 0 -3.062541E+37 -3.062541E+37 0
0 0 0 0 0 0 0 0 0 0 0 -3.062541E+37
0 0 -3.062541E+37 0 0 0 0 0 0 0 -3.062541E+37 -3.062541E+37
0 0 0 0 0 0 0 0 0 -3.062541E+37 -3.062541E+37 0
0 0 0 0 0 0 0 0 0 -3.062541E+37 0 -3.062541E+37
0 0 0 0 0 -3.062541E+37 -3.062541E+37 0 0 -3.062541E+37 -3.062541E+37 0
0 0 0 0 0 0 0 0 0 -3.062541E+37 0 -3.062541E+37
0 -3.062541E+37 -3.062541E+37 0 0 0 0 0 0 0 -3.062541E+37 -3.062541E+37
0 0 0 0 -3.062541E+37 -3.062541E+37 0 0 0 -3.062541E+37 -3.062541E+37 0
0 0 0 0 0 0 0 0 0 -3.062541E+37 0 -3.062541E+37
0 0 0 0 0 0 0 0 0 0 0 0
0 0 0 0 0 0 0 0 0 -3.062541E+37 -3.062541E+37 0
0 0 0 0 0 0 0 0 0 0 0 -3.062541E+37
0 0 -3.062541E+37 0 0 0 0 0 0 0 -3.062541E+37 -3.062541E+37
0 0 0 0 0 0 0 0 0 -3.062541E+37 -3.062541E+37 0
0 0 0 0 0 0 0 0 0 -3.062541E+37 0 -3.062541E+37
0 0 0 0 0 -3.062541E+37 0 0 0 -3.062541E+37 -3.062541E+37 0
0 0 0 0 0 0 0 0 0 -3.062541E+37 0 -3.062541E+37
0 0 -3.062541E+37 -3.062541E+37 0 0 0 0 0 0 -3.062541E+37 -3.062541E+37
0 0 0 0 0 0 0 0 0 -3.062541E+37 -3.062541E+37 0
0 0 0 0 0 0 0 0 0 0 0 -3.062541E+37
0 0 0 0 0 0 0 0 0 0 0 -3.062541E+37
0 0 0 0 0 0 0 0 0 -3.062541E+37 -3.062541E+37 0
0 0 0 0 0 0 0 0 0 0 0 -3.062541E+37
0 0 0 0 0 0 0 0 0 0 0 0
0 0 0 0 0 0 0 0 0 -3.062541E+37 0 -3.062541E+37
0 0 0 0 0 0 0 0 0 0 -3.062541E+37 0
