-8.299486E+37 -8.299486E+37 -8.299486E+37 0 -3.438519E+37 -6.134265E+37 -8.299486E+37 0 0 -8.299486E+37 0 -8.299486E+37
-1.193638E+38 -1.171472E+38 -1.328858E+38 0 -1.586628E+37 -1.171427E+38 -1.254141E+38 0 0 -1.254141E+38 0 -1.254141E+38
-1.467762E+38 -1.556829E+38 -1.557989E+38 -1.488526E+38 -1.434981E+38 -1.316551E+37 -1.434981E+38 -1.434981E+38 0 -1.254141E+38 0 -1.254141E+38
-8.299486E+37 -4.713251E+37 -3.062541E+37 -3.062541E+37 -3.062541E+37 -6.05156E+37 -1.053208E+38 -5.818828E+37 0 -3.062541E+37 0 -8.299486E+37
0 0 0 0 0 -5.818828E+37 0 -3.062541E+37 -8.299486E+37 -3.062541E+37 0 -3.062541E+37
-3.062541E+37 -3.062541E+37 -3.062541E+37 -3.062541E+37 -3.062541E+37 -3.062541E+37 0 -8.299486E+37 0 -3.062541E+37 0 -5.818828E+37
-8.299486E+37 0 0 0 0 -3.062541E+37 -3.062541E+37 0 0 -3.062541E+37 0 -3.062541E+37
-8.299486E+37 0 0 0 0 0 0 0 0 0 0 0
0 0 0 0 0 0 0 0 -5.818828E+37 0 0 0
0 0 0 0 0 0 0 0 -3.062541E+37 0 0 0
-3.062541E+37 0 0 0 -3.062541E+37 0 0 0 0 0 0 0
-8.299486E+37 -3.062541E+37 -3.062541E+37 0 0 0 -3.062541E+37 0 0 0 0 0
-5.818828E+37 0 0 0 -3.062541E+37 0 0 0 0 0 0 0
-8.299486E+37 0 0 0 0 0 0 0 0 0 0 0
-3.062541E+37 0 0 0 0 0 0 0 0 0 0 0
-3.062541E+37 0 0 0 0 0 0 0 0 0 0 0
-3.062541E+37 0 0 0 0 0 0 0 0 0 0 0
0 0 0 0 0 0 0 0 0 0 0 0
0 0 0 0 0 0 0 0 -3.062541E+37 -3.062541E+37 0 -3.062541E+37
0 0 0 0 0 0 0 0 0 0 -3.062541E+37 0
0 -8.299486E+37 -5.818828E+37 0 0 0 0 0 0 0 -1.053208E+38 -1.053208E+38
0 0 0 0 0 -8.299486E+37 0 0 0 -3.062541E+37 -3.062541E+37 0
0 0 0 0 0 -5.818828E+37 0 0 -5.818828E+37 -3.062541E+37 0 -3.062541E+37
0 -3.062541E+37 -8.299486E+37 -8.299486E+37 0 0 0 0 -3.062541E+37 0 -5.818828E+37 -5.818828E+37
0 0 0 0 -3.062541E+37 -3.062541E+37 0 0 0 -3.062541E+37 -3.062541E+37 0
0 -1.053208E+38 -1.053208E+38 -1.053208E+38 0 0 0 0 0 0 -1.254141E+38 -1.254141E+38
0 0 0 -5.818828E+37 -3.062541E+37 -5.818828E+37 0 0 0 -3.062541E+37 -3.062541E+37 0
0 0 0 0 0 -3.062541E+37 0 -3.062541E+37 -3.062541E+37 -3.062541E+37 0 -3.062541E+37
0 0 0 0 0 0 0 0 0 0 0 0
0 0 0 0 0 0 0 0 0 -3.062541E+37 0 -3.062541E+37
0 0 0 0 0 0 0 0 0 0 -3.062541E+37 0
0 -8.299486E+37 -8.299486E+37 0 0 0 0 0 0 0 -8.299486E+37 -1.053208E+38
-3.062541E+37 -3.062541E+37 -3.062541E+37 0 -3.062541E+37 -3.062541E+37 0 0 0 -3.062541E+37 -3.062541E+37 0
-3.062541E+37 -3.062541E+37 -3.062541E+37 0 -3.062541E+37 -3.062541E+37 0 0 0 -3.062541E+37 0 -5.818828E+37
0 -8.299486E+37 -8.299486E+37 -8.299486E+37 0 0 0 0 0 0 -8.299486E+37 -8.299486E+37
0 -3.062541E+37 -3.062541E+37 -3.062541E+37 -3.062541E+37 -3.062541E+37 0 0 0 -3.062541E+37 -3.062541E+37 0
0 -1.744217E+38 -1.744217E+38 -1.744217E+38 0 0 0 0 0 0 -1.744217E+38 -1.87605E+38
-5.818828E+37 -5.818828E+37 -5.818828E+37 -5.818828E+37 -5.818828E+37 -5.818828E+37 0 0 0 -5.818828E+37 -5.818828E+37 0
-3.062541E+37 -3.062541E+37 -3.062541E+37 -3.062541E+37 -5.781093E+37 -5.818828E+37 0 -5.818828E+37 0 -5.818828E+37 0 -5.818828E+37
0 -2.36193E+38 -2.36193E+38 -2.431991E+38 0 0 0 0 0 0 -2.431991E+38 -2.431991E+38
-8.299486E+37 -8.299486E+37 -8.299486E+37 -1.053208E+38 -1.053208E+38 -1.053208E+38 0 0 0 -1.053208E+38 -1.053208E+38 0
-1.254141E+38 -1.254141E+38 -1.254141E+38 -1.254141E+38 -1.254141E+38 -1.434981E+38 0 -1.254141E+38 0 -1.254141E+38 0 -1.434981E+38
0 0 0 0 0 0 0 0 0 0 0 0
0 0 0 0 0 0 0 0 0 0 0 0
0 -1.87605E+38 -1.87605E+38 0 0 0 0 0 0 0 -1.87605E+38 -1.87605E+38
-5.818828E+37 -5.818828E+37 -5.818828E+37 0 -5.818828E+37 -5.818828E+37 0 0 0 -8.299486E+37 -8.299486E+37 0
-1.053208E+38 -1.053208E+38 -1.053208E+38 0 -1.043944E+38 -1.193144E+38 0 0 0 -1.053208E+38 0 -1.053208E+38
0 0 -3.062541E+37 0 -3.062541E+37 -3.062541E+37 -3.062541E+37 0 0 -3.062541E+37 -2.756287E+36 0
0 0 0 0 0 0 0 0 0 0 0 0
0 0 0 0 0 0.4909916 -3.062541E+37 0 0 -3.062541E+37 0 -3.062541E+37
0 0 0 0 0 0 0 0 0 0 -3.062541E+37 0
-1.744218E+38 -1.744218E+38 -1.597737E+38 -1.597737E+38 -1.597737E+38 -1.597737E+38 -1.597737E+38 -1.597737E+38 0 -1.597737E+38 0 -1.744217E+38
-5.818828E+37 -5.818828E+37 -5.818828E+37 -5.818828E+37 -5.818828E+37 -5.818828E+37 -8.299486E+37 0 0 -8.299486E+37 -8.299486E+37 0
0 -2.60287E+38 -2.648837E+38 0 0 0 0 0 0 0 -2.60287E+38 -2.60287E+38
-1.053208E+38 -1.254141E+38 -1.254141E+38 0 -1.254141E+38 -1.254141E+38 0 0 0 -1.053208E+38 -1.254141E+38 0
-1.597737E+38 -1.744218E+38 -1.744217E+38 0 -1.744218E+38 -1.744217E+38 0 0 0 -1.744218E+38 0 -1.744218E+38
-3.062541E+37 -5.818828E+37 -5.818828E+37 -5.818828E+37 -3.062541E+37 -3.062541E+37 -3.062541E+37 0 0 -3.062541E+37 0 -5.818828E+37
0 0 0 0 0 0 0 0 0 -3.062541E+37 -3.062541E+37 0
-2.101483E+38 -2.101483E+38 -1.994699E+38 0 -1.994699E+38 -1.994699E+38 -1.994699E+38 0 0 -2.101483E+38 0 -2.101483E+38
-5.818828E+37 -8.299486E+37 -8.299486E+37 0 -8.299486E+37 -8.299486E+37 -8.299486E+37 0 0 -8.299486E+37 -8.299486E+37 0
-8.299486E+37 -8.299486E+37 -8.299486E+37 -1.254141E+38 -1.053208E+38 -1.053208E+38 -1.053208E+38 -1.053208E+38 0 -1.053208E+38 0 -1.053208E+38
-5.818828E+37 -8.299486E+37 -8.299486E+37 -8.299486E+37 -8.299486E+37 -8.299486E+37 -8.299486E+37 0 0 -8.299486E+37 -8.299486E+37 0
0 -1.053208E+38 -1.254141E+38 -1.254141E+38 0 0 0 0 0 0 -1.254141E+38 -1.254141E+38
-8.299486E+37 -8.299486E+37 -8.299486E+37 -8.299486E+37 -8.299486E+37 -8.299486E+37 0 0 0 -8.299486E+37 -1.053208E+38 0
-8.299486E+37 -8.299486E+37 -8.299486E+37 -1.053208E+38 -1.254141E+38 -1.053208E+38 0 -1.053208E+38 0 -1.053208E+38 0 -1.053208E+38
0 0 -3.062541E+37 -5.818828E+37 -3.062541E+37 -3.062541E+37 -3.062541E+37 0 0 -3.062541E+37 0 -3.062541E+37
0 0 0 0 0 0 0 0 0 0 -3.062541E+37 0
-1.254141E+38 -1.053208E+38 -1.053208E+38 0 -1.053208E+38 -1.254141E+38 -1.254141E+38 0 0 -1.254141E+38 0 -1.254141E+38
-1.053208E+38 -1.053208E+38 -1.053208E+38 0 -1.254141E+38 -1.254141E+38 -1.053208E+38 0 0 -1.053208E+38 -1.053208E+38 0
0 -1.254141E+38 -1.434981E+38 0 0 0 0 0 0 0 -1.434981E+38 -1.434981E+38
-1.053208E+38 -1.053208E+38 -1.053208E+38 0 -1.053208E+38 -1.053208E+38 0 0 0 -1.254141E+38 -1.254141E+38 0
-1.254141E+38 -1.254141E+38 -1.254141E+38 0 -1.254141E+38 -1.254141E+38 0 0 0 -1.254141E+38 0 -1.254141E+38
0 0 0 0 0 0 0 0 0 0 0 0
-5.818828E+37 -5.818828E+37 -5.818828E+37 0 -8.299486E+37 -8.299486E+37 -8.299486E+37 0 0 -8.299486E+37 -8.299486E+37 0
-3.062541E+37 -3.062541E+37 -3.062541E+37 0 -3.062541E+37 -5.818828E+37 -5.818828E+37 0 0 -5.818828E+37 0 -5.818828E+37
0 -1.254141E+38 -1.254141E+38 0 0 0 0 0 0 0 -1.254141E+38 -1.053208E+38
-8.299486E+37 -8.299486E+37 -1.053208E+38 0 -1.053208E+38 -1.053208E+38 0 0 0 -1.053208E+38 -1.053208E+38 0
-3.062541E+37 -5.818828E+37 -5.818828E+37 0 -5.818828E+37 -5.818828E+37 0 0 0 -5.818828E+37 0 -5.818828E+37
-5.818828E+37 -5.818828E+37 -5.818828E+37 -5.818828E+37 -5.818828E+37 -5.818828E+37 -5.818828E+37 0 0 -8.299486E+37 -8.299486E+37 0
-3.062541E+37 -3.062541E+37 -3.062541E+37 -3.062541E+37 -3.062541E+37 -3.062541E+37 -3.062541E+37 -3.062541E+37 0 -3.062541E+37 0 -5.818828E+37
0 -8.299486E+37 -1.053208E+38 -1.053208E+38 0 0 0 0 0 0 -1.053208E+38 -1.053208E+38
-5.818828E+37 -5.818828E+37 -5.818828E+37 -8.299486E+37 -8.299486E+37 -8.299486E+37 0 0 0 -8.299486E+37 -8.299486E+37 0
-3.062541E+37 -3.062541E+37 -3.062541E+37 -5.818828E+37 -5.818828E+37 -5.818828E+37 0 -5.818828E+37 0 -5.818828E+37 0 -5.818828E+37
0 -3.062541E+37 -3.062541E+37 -3.062541E+37 -3.062541E+37 -3.062541E+37 -3.062541E+37 0 0 -3.062541E+37 -3.062541E+37 0
0 0 0 0 0 0 0 -3.062541E+37 0 -3.062541E+37 0 -3.062541E+37
0 -5.818828E+37 -3.062541E+37 0 0 0 0 0 0 0 -3.062541E+37 -3.062541E+37
0 0 0 0 -3.062541E+37 -5.818828E+37 0 0 0 -3.062541E+37 -3.062541E+37 0
0 0 0 0 0 0 0 0 0 -3.062541E+37 0 -3.062541E+37
0 -5.818828E+37 -5.818828E+37 -8.299486E+37 0 0 0 0 0 0 -8.299486E+37 -8.299486E+37
0 0 -5.818828E+37 -5.818828E+37 -3.062541E+37 -3.062541E+37 0 0 0 -3.062541E+37 -3.062541E+37 0
0 0 0 0 0 0 0 0 -3.062541E+37 -3.062541E+37 0 -3.062541E+37
0 -5.818828E+37 -3.062541E+37 -5.818828E+37 0 0 0 0 -3.062541E+37 0 -8.299486E+37 -8.299486E+37
-3.062541E+37 -3.062541E+37 -3.062541E+37 -3.062541E+37 -3.062541E+37 -5.818828E+37 -5.818828E+37 0 0 -5.818828E+37 -5.818828E+37 0
0 0 0 0 0 -3.062541E+37 -3.062541E+37 -3.062541E+37 0 -3.062541E+37 0 -3.062541E+37
0 -5.818828E+37 -5.818828E+37 -8.299486E+37 0 0 0 0 0 0 -8.299486E+37 -8.299486E+37
-3.062541E+37 -5.818828E+37 -5.818828E+37 -5.818828E+37 -5.818828E+37 -5.818828E+37 0 0 0 -5.818828E+37 -5.818828E+37 0
0 0 -3.062541E+37 -3.062541E+37 -3.062541E+37 -3.062541E+37 0 -3.062541E+37 0 -3.062541E+37 0 -3.062541E+37
0 0 -3.062541E+37 -3.062541E+37 -3.062541E+37 -3.062541E+37 -3.062541E+37 0 0 -3.062541E+37 -3.062541E+37 0
0 0 0 0 0 0 0 -3.062541E+37 0 -3.062541E+37 0 -3.062541E+37
0 -5.818828E+37 -5.818828E+37 -8.299486E+37 0 0 0 0 0 0 -8.299486E+37 -8.299486E+37
-3.062541E+37 -3.062541E+37 -3.062541E+37 -3.062541E+37 -3.062541E+37 -5.818828E+37 0 0 0 -5.818828E+37 -5.818828E+37 0
0 0 -3.062541E+37 -3.062541E+37 -3.062541E+37 -3.062541E+37 0 -3.062541E+37 0 -3.062541E+37 0 -3.062541E+37
0 -8.299486E+37 -8.299486E+37 0 0 0 0 0 0 0 -8.299486E+37 -8.299486E+37
-5.818828E+37 -5.818828E+37 -5.818828E+37 0 -8.299486E+37 -8.299486E+37 0 0 0 -8.299486E+37 -8.299486E+37 0
-3.062541E+37 -3.062541E+37 -3.062541E+37 0 -3.062541E+37 -3.062541E+37 0 0 0 -5.818828E+37 0 -5.818828E+37
0 0 0 0 -3.062541E+37 -3.062541E+37 -3.062541E+37 0 0 -3.062541E+37 0 -3.062541E+37
-5.818828E+37 -5.818828E+37 -5.818828E+37 0 -5.818828E+37 -5.818828E+37 -5.818828E+37 0 0 -5.818828E+37 -5.818828E+37 0
0 0 0 0 0 0 0 0 0 0 0 0
-3.062541E+37 -3.858311E+37 -6.255918E+37 0 -3.062541E+37 -6.6047E+37 -5.818828E+37 0 0 -8.299486E+37 0 -8.299486E+37
0 0 0 0 0 0 0 0 0 -8.299486E+37 -8.299486E+37 0
0 0 0 0 0 0 0 0 -3.062541E+37 -5.818828E+37 0 -5.818828E+37
0 0 0 0 0 0 0 0 0 -5.818828E+37 -5.818828E+37 0
0 0 0 0 0 0 0 0 0 0 -5.818828E+37 -5.818828E+37
0 0 0 0 0 -3.062541E+37 0 0 0 -3.062541E+37 0 -3.062541E+37
0 0 0 0 0 0 0 0 0 -3.062541E+37 -3.062541E+37 0
0 0 -3.062541E+37 0 0 0 0 0 0 0 -3.062541E+37 -3.062541E+37
0 0 0 0 0 0 0 0 0 -3.062541E+37 0 -3.062541E+37
0 0 0 0 0 0 0 0 0 0 -3.062541E+37 0
0 0 0 -3.062541E+37 0 0 0 0 0 0 -3.062541E+37 -3.062541E+37
0 0 0 0 0 0 0 0 0 -3.062541E+37 -3.062541E+37 0
0 0 0 0 0 0 0 0 0 -3.062541E+37 0 -3.062541E+37
0 0 0 -3.062541E+37 0 0 0 0 0 0 -3.062541E+37 -3.062541E+37
0 0 0 0 0 0 0 0 0 -3.062541E+37 -3.062541E+37 0
0 0 0 0 0 0 0 0 0 -3.062541E+37 0 -3.062541E+37
0 0 0 0 0 0 -3.062541E+37 0 0 -3.062541E+37 -3.062541E+37 0
0 0 0 0 0 0 -3.062541E+37 0 0 -3.062541E+37 0 -3.062541E+37
0 0 0 0 0 0 -3.062541E+37 0 0 -3.062541E+37 -3.062541E+37 0
0 0 0 0 0 0 -3.062541E+37 -3.062541E+37 0 -3.062541E+37 0 -3.062541E+37
0 0 -3.062541E+37 -3.062541E+37 -3.062541E+37 -3.062541E+37 -3.062541E+37 0 0 -3.062541E+37 -3.062541E+37 0
0 0 0 0 0 0 0 -3.062541E+37 0 -3.062541E+37 0 -3.062541E+37
0 -3.062541E+37 -5.818828E+37 -5.818828E+37 0 0 0 0 0 0 -5.818828E+37 -5.818828E+37
-3.062541E+37 -3.062541E+37 -3.062541E+37 -3.062541E+37 -3.062541E+37 -3.062541E+37 0 0 0 -3.062541E+37 -5.818828E+37 0
0 0 0 0 -3.062541E+37 -3.062541E+37 0 -3.062541E+37 0 -3.062541E+37 0 -3.062541E+37
0 -5.818828E+37 -5.818828E+37 0 0 0 0 0 0 0 -5.818828E+37 -8.299486E+37
-3.062541E+37 -5.818828E+37 -5.818828E+37 0 -5.818828E+37 -5.818828E+37 0 0 0 -5.818828E+37 -5.818828E+37 0
0 -3.062541E+37 -3.062541E+37 0 -3.062541E+37 -3.062541E+37 0 0 0 -3.062541E+37 0 -3.062541E+37
-3.062541E+37 -3.062541E+37 -3.062541E+37 0 -3.062541E+37 -3.062541E+37 -3.062541E+37 0 0 -3.062541E+37 -3.062541E+37 0
0 0 0 0 0 0 0 0 0 -3.062541E+37 0 -3.062541E+37
0 -3.062541E+37 -3.062541E+37 0 -3.062541E+37 -3.062541E+37 -3.062541E+37 0 0 -3.062541E+37 -3.062541E+37 0
0 0 0 0 0 -3.062541E+37 -3.062541E+37 0 0 -3.062541E+37 0 -3.062541E+37
0 -5.818828E+37 -5.818828E+37 0 0 0 0 0 0 0 -5.818828E+37 -8.299486E+37
-3.062541E+37 -3.062541E+37 -3.062541E+37 0 -5.818828E+37 -5.818828E+37 0 0 0 -5.818828E+37 -5.818828E+37 0
0 -3.062541E+37 -3.062541E+37 0 -3.062541E+37 -3.062541E+37 0 0 0 -3.062541E+37 0 -3.062541E+37
0 0 0 0 0 0 0 0 0 0 0 0
0 0 0 0 -3.062541E+37 -3.062541E+37 -3.062541E+37 0 0 -3.062541E+37 0 -3.062541E+37
0 0 0 0 0 0 0 0 0 0 -3.062541E+37 0
0 0 0 0 0 0 0 0 0 0 0 0
0 0 0 0 0 0 0 0 0 0 0 0
0 0 0 0 0 -3.062541E+37 -3.062541E+37 0 0 -3.062541E+37 -3.062541E+37 0
0 0 0 0 0 0 0 0 0 0 0 -3.062541E+37
0 -3.062541E+37 -3.062541E+37 -3.062541E+37 0 0 0 0 0 0 -3.062541E+37 -3.062541E+37
0 0 0 -3.062541E+37 -3.062541E+37 -3.062541E+37 0 0 0 -3.062541E+37 -3.062541E+37 0
0 0 0 0 0 0 0 0 0 -3.062541E+37 0 -3.062541E+37
0 0 0 -5.818828E+37 0 0 0 0 0 0 -5.818828E+37 -3.062541E+37
0 0 0 0 0 -3.062541E+37 -3.062541E+37 0 0 -3.062541E+37 -3.062541E+37 0
0 0 0 0 0 0 0 0 0 0 0 -3.062541E+37
0 -3.062541E+37 -3.062541E+37 -3.062541E+37 0 0 0 0 0 0 -3.062541E+37 -3.062541E+37
0 0 0 0 -3.062541E+37 -3.062541E+37 0 0 0 -3.062541E+37 -3.062541E+37 0
0 0 0 0 0 0 0 0 0 -3.062541E+37 0 -3.062541E+37
0 -3.062541E+37 -3.062541E+37 0 0 0 0 0 0 0 -3.062541E+37 -5.818828E+37
0 0 -3.062541E+37 0 -3.062541E+37 -3.062541E+37 0 0 0 -3.062541E+37 -3.062541E+37 0
0 0 0 0 0 0 0 0 0 -3.062541E+37 0 -3.062541E+37
0 0 0 0 0 0 0 0 0 0 -3.062541E+37 -3.062541E+37
0 0 0 0 0 0 -3.062541E+37 0 0 -3.062541E+37 -3.062541E+37 0
0 0 0 0 0 0 0 0 0 0 0 -3.062541E+37
0 0 0 0 0 -5.818828E+37 -5.818828E+37 0 0 -3.062541E+37 -3.062541E+37 0
0 0 0 0 0 0 0 0 0 0 0 -3.062541E+37
0 0 0 -3.062541E+37 0 0 0 0 0 0 -3.062541E+37 -3.062541E+37
0 0 0 0 0 -5.818828E+37 0 0 0 -3.062541E+37 -3.062541E+37 0
0 0 0 0 0 0 0 0 0 -3.062541E+37 0 -3.062541E+37
0 -3.062541E+37 -3.062541E+37 0 0 0 0 0 0 0 -3.062541E+37 -3.062541E+37
0 0 0 0 0 0 0 0 0 -3.062541E+37 -3.062541E+37 0
0 0 0 0 0 0 0 0 0 -3.062541E+37 0 -3.062541E+37
0 0 0 0 0 0 0 0 0 0 0 0
0 0 0 0 0 0 0 0 0 0 0 0
0 0 0 0 -5.818828E+37 -3.062541E+37 -3.062541E+37 0 0 -3.062541E+37 -3.062541E+37 0
0 0 0 0 0 0 0 0 -3.062541E+37 -5.818828E+37 0 -3.062541E+37
0 0 0 0 0 0 0 0 0 0 -5.818828E+37 0
0 -1.053208E+38 -8.299486E+37 0 0 0 0 0 -3.062541E+37 0 -1.053208E+38 -1.254141E+38
0 0 -5.818828E+37 0 -5.818828E+37 -3.062541E+37 0 0 0 -5.818828E+37 -5.818828E+37 0
0 0 0 0 0 -3.062541E+37 0 0 -3.062541E+37 -5.818828E+37 0 -5.818828E+37
0 0 -3.062541E+37 -3.062541E+37 -3.062541E+37 -3.062541E+37 -3.062541E+37 0 0 -5.818828E+37 -5.818828E+37 0
0 0 -3.062541E+37 -3.062541E+37 -3.062541E+37 -3.062541E+37 -3.062541E+37 -5.818828E+37 0 -3.062541E+37 0 -5.818828E+37
0 0 0 0 0 0 0 0 0 0 -3.062541E+37 0
-3.062541E+37 -3.062541E+37 -3.062541E+37 -3.062541E+37 -3.062541E+37 -3.062541E+37 0 0 0 -3.062541E+37 -3.062541E+37 0
0 0 0 0 0 -3.062541E+37 0 -3.062541E+37 0 -3.062541E+37 0 -3.062541E+37
0 -3.062541E+37 -5.818828E+37 -5.818828E+37 0 0 0 0 0 0 -5.818828E+37 -5.818828E+37
0 0 0 0 0 0 -3.062541E+37 0 0 -3.062541E+37 -3.062541E+37 0
0 0 0 0 0 0 0 0 0 -3.062541E+37 0 -3.062541E+37
0 0 -3.062541E+37 -3.062541E+37 -3.062541E+37 -3.062541E+37 0 0 0 -3.062541E+37 -3.062541E+37 0
0 0 0 0 0 0 0 0 0 -3.062541E+37 0 -3.062541E+37
0 -3.062541E+37 -3.062541E+37 -5.818828E+37 0 0 0 0 0 0 -5.818828E+37 -5.818828E+37
0 0 0 0 0 0 -3.062541E+37 0 0 -3.062541E+37 -3.062541E+37 0
0 0 0 0 0 0 0 0 0 0 0 -3.062541E+37
0 -3.062541E+37 -5.818828E+37 0 0 0 0 0 0 0 -5.818828E+37 -5.818828E+37
-3.062541E+37 -3.062541E+37 -3.062541E+37 0 -3.062541E+37 -3.062541E+37 0 0 0 -3.062541E+37 -3.062541E+37 0
0 -3.062541E+37 -3.062541E+37 0 -3.062541E+37 -3.062541E+37 0 0 0 -3.062541E+37 0 -3.062541E+37
0 -5.818828E+37 -8.299486E+37 0 0 0 0 0 0 0 -8.299486E+37 -8.299486E+37
-3.062541E+37 -3.062541E+37 -3.062541E+37 0 -3.062541E+37 -3.062541E+37 0 0 0 -3.062541E+37 -5.818828E+37 0
-3.062541E+37 -3.062541E+37 -3.062541E+37 0 -3.062541E+37 -3.062541E+37 0 0 0 -5.818828E+37 0 -5.818828E+37
0 0 0 0 -3.062541E+37 -3.062541E+37 -3.062541E+37 0 0 -3.062541E+37 0 -3.062541E+37
0 0 0 0 0 -3.062541E+37 -3.062541E+37 0 0 -3.062541E+37 -3.062541E+37 0
0 0 0 0 0 0 0 0 0 0 0 0
-3.062541E+37 -3.062541E+37 -3.062541E+37 -3.062541E+37 -3.062541E+37 -3.062541E+37 0 -3.062541E+37 0 -5.818828E+37 0 -5.818828E+37
-3.062541E+37 -3.062541E+37 -3.062541E+37 -3.062541E+37 -3.062541E+37 -5.818828E+37 0 0 0 -8.299486E+37 -5.818828E+37 0
0 -5.818828E+37 -5.818828E+37 -5.818828E+37 0 0 0 0 0 0 -5.818828E+37 -5.818828E+37
0 0 0 0 0 -3.062541E+37 -3.062541E+37 0 0 -3.062541E+37 0 -3.062541E+37
0 0 0 0 0 0 0 0 0 0 -3.062541E+37 0
0 0 0 0 0 -3.062541E+37 -3.062541E+37 0 0 -3.062541E+37 -3.062541E+37 0
0 0 0 -5.818828E+37 -3.062541E+37 -3.062541E+37 -3.062541E+37 -3.062541E+37 0 -3.062541E+37 0 -3.062541E+37
0 0 0 0 0 0 -3.062541E+37 -3.062541E+37 0 -3.062541E+37 0 -3.062541E+37
0 0 0 0 0 0 -3.062541E+37 0 0 -3.062541E+37 -3.062541E+37 0
0 -3.062541E+37 -3.062541E+37 -5.818828E+37 0 0 0 0 0 0 -5.818828E+37 -5.818828E+37
0 0 0 -3.062541E+37 -3.062541E+37 -3.062541E+37 0 0 0 -3.062541E+37 -3.062541E+37 0
0 0 0 0 -3.062541E+37 -3.062541E+37 0 -3.062541E+37 0 -3.062541E+37 0 -3.062541E+37
0 0 0 0 0 0 -3.062541E+37 0 0 -3.062541E+37 0 -3.062541E+37
0 0 0 0 0 0 0 0 0 0 -3.062541E+37 0
0 -3.062541E+37 -3.062541E+37 0 0 0 0 0 0 0 -3.062541E+37 -3.062541E+37
0 0 0 0 0 -3.062541E+37 0 0 0 -3.062541E+37 -3.062541E+37 0
0 0 0 0 0 0 0 0 0 -3.062541E+37 0 -3.062541E+37
0 0 0 0 0 0 0 0 0 -3.062541E+37 -3.062541E+37 0
0 0 0 0 0 0 0 0 0 0 0 -3.062541E+37
0 0 0 0 0 -3.062541E+37 -5.818828E+37 0 0 -3.062541E+37 -3.062541E+37 0
0 0 0 0 -3.062541E+37 -3.062541E+37 -3.062541E+37 0 0 -3.062541E+37 0 -3.062541E+37
0 0 0 0 -3.062541E+37 -3.062541E+37 0 -3.062541E+37 0 -3.062541E+37 0 -3.062541E+37
0 0 0 -3.062541E+37 -3.062541E+37 -3.062541E+37 0 0 0 -3.062541E+37 -3.062541E+37 0
0 -3.062541E+37 -3.062541E+37 -5.818828E+37 0 0 0 0 0 0 -5.818828E+37 -5.818828E+37
0 0 0 0 0 0 0 0 0 -3.062541E+37 0 -3.062541E+37
0 0 0 0 0 0 0 0 0 -3.062541E+37 -3.062541E+37 0
0 0 0 0 0 0 0 0 0 0 0 -3.062541E+37
0 0 0 0 0 0 0 0 0 0 -3.062541E+37 -3.062541E+37
0 0 0 0 0 0 0 0 0 -3.062541E+37 -3.062541E+37 0
0 0 0 0 0 0 0 0 0 -3.062541E+37 0 -3.062541E+37
0 -3.062541E+37 -3.062541E+37 -3.062541E+37 0 0 0 0 0 0 -3.062541E+37 -5.818828E+37
0 0 0 0 0 0 -3.062541E+37 0 0 -3.062541E+37 -3.062541E+37 0
0 0 0 0 0 0 0 -3.062541E+37 0 -3.062541E+37 0 -3.062541E+37
0 -3.062541E+37 -5.818828E+37 -5.818828E+37 0 0 0 0 0 0 -5.818828E+37 -5.818828E+37
0 0 0 0 0 -3.062541E+37 0 0 0 -3.062541E+37 -3.062541E+37 0
0 0 0 0 0 0 0 0 0 0 0 -3.062541E+37
0 0 0 -3.062541E+37 -3.062541E+37 -3.062541E+37 0 -3.062541E+37 0 -3.062541E+37 0 -3.062541E+37
0 0 0 0 0 0 0 0 0 -3.062541E+37 -3.062541E+37 0
0 0 0 0 0 0 0 0 0 0 0 -3.062541E+37
0 0 0 0 0 0 0 0 0 0 0 0
0 0 0 0 0 0 0 0 0 0 0 0
-3.062541E+37 -3.062541E+37 -3.062541E+37 -3.062541E+37 -3.062541E+37 -3.062541E+37 -3.062541E+37 -5.818828E+37 0 -8.299486E+37 0 -5.818828E+37
0 -3.062541E+37 -3.062541E+37 -3.062541E+37 -3.062541E+37 -3.062541E+37 -5.818828E+37 0 0 -5.818828E+37 -3.062541E+37 0
0 0 0 0 0 -3.062541E+37 0 -5.818828E+37 -3.062541E+37 -3.062541E+37 0 -3.062541E+37
0 0 0 -5.818828E+37 -5.818828E+37 -5.818828E+37 0 0 0 -5.818828E+37 -3.062541E+37 0
0 0 0 0 -3.062541E+37 -5.818828E+37 -3.062541E+37 0 -3.062541E+37 -5.818828E+37 0 -5.818828E+37
0 0 0 0 0 0 0 0 0 0 -5.818828E+37 0
-3.062541E+37 -3.062541E+37 -3.062541E+37 -3.062541E+37 -3.062541E+37 -3.062541E+37 0 0 0 -3.062541E+37 -3.062541E+37 0
0 0 0 0 0 -3.062541E+37 0 -3.062541E+37 0 -3.062541E+37 0 -3.062541E+37
0 -3.062541E+37 -3.062541E+37 -5.818828E+37 0 0 0 0 0 0 -5.818828E+37 -5.818828E+37
0 0 0 0 -3.062541E+37 -3.062541E+37 -3.062541E+37 0 0 -3.062541E+37 -3.062541E+37 0
0 0 0 0 0 0 0 -3.062541E+37 0 -3.062541E+37 0 -3.062541E+37
0 0 0 0 0 -3.062541E+37 -3.062541E+37 0 0 -3.062541E+37 0 -3.062541E+37
0 0 0 0 -3.062541E+37 -3.062541E+37 -3.062541E+37 0 0 -3.062541E+37 -3.062541E+37 0
0 -3.062541E+37 -5.818828E+37 0 0 0 0 0 0 0 -5.818828E+37 -5.818828E+37
-3.062541E+37 -3.062541E+37 -3.062541E+37 0 -3.062541E+37 -5.818828E+37 0 0 0 -5.818828E+37 -5.818828E+37 0
0 0 -3.062541E+37 0 -3.062541E+37 -3.062541E+37 0 0 0 -3.062541E+37 0 -3.062541E+37
-3.062541E+37 -3.062541E+37 -3.062541E+37 -3.062541E+37 -3.062541E+37 -3.062541E+37 0 0 0 -3.062541E+37 -3.062541E+37 0
0 0 0 0 0 0 0 -3.062541E+37 0 -3.062541E+37 0 -3.062541E+37
0 -3.062541E+37 -5.818828E+37 -5.818828E+37 0 0 0 0 0 0 -5.818828E+37 -5.818828E+37
0 0 0 -3.062541E+37 -3.062541E+37 -3.062541E+37 -3.062541E+37 0 0 -3.062541E+37 -3.062541E+37 0
0 0 0 0 0 0 0 0 0 0 0 -3.062541E+37
0 0 0 0 0 0 0 0 0 0 0 0
0 -5.818828E+37 -3.062541E+37 0 0 0 0 0 0 0 -8.299486E+37 -5.818828E+37
0 0 0 0 -3.062541E+37 -3.062541E+37 0 0 0 -3.062541E+37 -3.062541E+37 0
0 0 0 0 -3.062541E+37 -3.062541E+37 0 0 -3.062541E+37 -3.062541E+37 0 -3.062541E+37
0 0 0 0 0 0 0 0 0 0 0 0
0 0 0 0 0 -3.062541E+37 -3.062541E+37 0 0 -5.818828E+37 -3.062541E+37 0
0 0 0 0 0 0 0 0 0 0 0 -5.818828E+37
0 0 0 0 0 0 0 0 0 -5.818828E+37 0 -5.818828E+37
0 0 0 0 0 -3.062541E+37 0 0 0 -5.818828E+37 -5.818828E+37 0
0 0 0 -5.818828E+37 0 0 0 0 0 0 -5.818828E+37 -5.818828E+37
0 0 0 0 0 0 0 0 0 -5.818828E+37 -5.818828E+37 0
0 0 0 0 0 0 0 0 0 -5.818828E+37 0 -5.818828E+37
0 0 0 0 0 0 0 0 0 0 0 -3.062541E+37
0 0 0 -3.062541E+37 -3.062541E+37 -3.062541E+37 0 0 0 -3.062541E+37 -3.062541E+37 0
0 0 0 0 0 0 0 0 0 -3.062541E+37 0 -3.062541E+37
0 0 0 -3.062541E+37 0 0 0 0 0 0 -3.062541E+37 -3.062541E+37
0 0 0 0 0 0 -3.062541E+37 0 0 -3.062541E+37 -3.062541E+37 0
0 0 0 0 0 0 0 0 0 0 0 -3.062541E+37
0 0 0 0 0 0 0 0 0 0 0 -3.062541E+37
-3.062541E+37 -3.062541E+37 -3.062541E+37 -3.062541E+37 -3.062541E+37 -3.062541E+37 0 0 0 -3.062541E+37 -3.062541E+37 0
0 0 0 0 0 0 0 0 0 -3.062541E+37 0 -3.062541E+37
0 -3.062541E+37 -3.062541E+37 -3.062541E+37 0 0 0 0 0 0 -3.062541E+37 -5.818828E+37
0 0 0 0 0 -3.062541E+37 -3.062541E+37 0 0 -3.062541E+37 -3.062541E+37 0
0 0 0 0 0 0 0 0 0 0 0 -3.062541E+37
0 0 0 0 0 0 0 0 0 0 0 -3.062541E+37
-5.818828E+37 -5.818828E+37 -3.062541E+37 -3.062541E+37 -3.062541E+37 -3.062541E+37 0 0 0 -3.062541E+37 -3.062541E+37 0
0 0 0 0 0 0 0 0 0 -3.062541E+37 0 -3.062541E+37
0 -3.062541E+37 -3.062541E+37 -3.062541E+37 0 0 0 0 0 0 -8.299486E+37 -5.818828E+37
0 0 0 0 0 0 -3.062541E+37 0 0 -3.062541E+37 -3.062541E+37 0
0 0 0 0 0 0 0 0 0 0 0 -3.062541E+37
0 -3.062541E+37 -3.062541E+37 0 0 0 0 0 0 0 -3.062541E+37 -5.818828E+37
0 -3.062541E+37 -3.062541E+37 0 -3.062541E+37 -3.062541E+37 0 0 0 -3.062541E+37 -3.062541E+37 0
0 0 0 0 0 0 0 0 0 -3.062541E+37 0 -3.062541E+37
0 0 0 0 0 0 -3.062541E+37 0 0 -3.062541E+37 -3.062541E+37 0
0 0 0 0 0 0 0 0 0 0 0 -3.062541E+37
0 0 0 -5.818828E+37 -5.818828E+37 -3.062541E+37 0 0 0 -3.062541E+37 -3.062541E+37 0
0 0 0 0 0 0 0 0 -3.062541E+37 -3.062541E+37 0 -3.062541E+37
0 0 -5.818828E+37 -3.062541E+37 0 0 0 0 0 0 -3.062541E+37 -3.062541E+37
0 0 0 0 0 0 -5.818828E+37 0 0 -3.062541E+37 -3.062541E+37 0
0 0 0 0 0 0 0 0 0 0 0 -3.062541E+37
0 -3.062541E+37 -3.062541E+37 0 0 0 0 0 0 0 -3.062541E+37 -5.818828E+37
0 -5.818828E+37 -3.062541E+37 0 -3.062541E+37 -3.062541E+37 0 0 0 -3.062541E+37 -3.062541E+37 0
0 0 0 0 0 0 0 0 0 -3.062541E+37 0 -3.062541E+37
0 0 0 0 0 0 -3.062541E+37 0 0 -3.062541E+37 -3.062541E+37 0
0 0 0 0 0 0 0 0 0 0 0 -3.062541E+37
0 0 0 0 0 -5.818828E+37 0 0 0 -5.818828E+37 -5.818828E+37 0
0 0 0 0 0 0 0 0 0 -5.818828E+37 0 -5.818828E+37
0 0 0 -5.818828E+37 0 0 0 0 0 0 -5.818828E+37 -5.818828E+37
0 0 0 0 0 0 0 0 0 -5.818828E+37 -5.818828E+37 0
0 0 0 0 0 0 0 0 0 0 0 -5.818828E+37
0 0 0 0 0 0 0 -3.062541E+37 0 -3.062541E+37 0 -3.062541E+37
0 0 0 -3.062541E+37 -3.062541E+37 -3.062541E+37 0 0 0 -3.062541E+37 -3.062541E+37 0
0 -3.062541E+37 -3.062541E+37 -3.062541E+37 0 0 0 0 0 0 -3.062541E+37 -3.062541E+37
0 0 0 0 0 0 0 0 0 -3.062541E+37 0 -3.062541E+37
0 0 0 0 0 0 0 0 0 0 -3.062541E+37 0
0 0 0 -3.062541E+37 0 0 0 0 0 0 -3.062541E+37 -3.062541E+37
0 0 0 0 0 0 -3.062541E+37 0 0 -3.062541E+37 -3.062541E+37 0
0 0 0 0 0 0 0 0 0 0 0 -3.062541E+37
0 0 0 0 0 0 0 0 0 -3.062541E+37 0 -3.062541E+37
0 0 0 0 0 -3.062541E+37 0 0 0 -3.062541E+37 -3.062541E+37 0
0 0 0 0 0 0 0 0 0 -3.062541E+37 0 -3.062541E+37
0 0 0 0 0 0 0 0 0 0 -3.062541E+37 -3.062541E+37
0 0 0 0 0 0 0 0 0 -3.062541E+37 -3.062541E+37 0
0 0 0 0 0 0 0 0 0 0 0 -3.062541E+37
0 -3.062541E+37 -3.062541E+37 -3.062541E+37 0 0 0 0 0 0 -3.062541E+37 -3.062541E+37
0 0 0 0 0 0 0 0 0 -3.062541E+37 -3.062541E+37 0
0 0 0 0 0 0 0 -3.062541E+37 0 -3.062541E+37 0 -3.062541E+37
0 0 0 -3.062541E+37 0 0 0 0 0 0 -3.062541E+37 -3.062541E+37
0 0 0 0 0 0 0 0 0 -3.062541E+37 -3.062541E+37 0
0 0 0 0 0 0 0 0 0 -3.062541E+37 0 -3.062541E+37
0 0 -3.062541E+37 -3.062541E+37 0 0 0 0 0 0 -3.062541E+37 -3.062541E+37
0 0 0 -3.062541E+37 -3.062541E+37 -3.062541E+37 0 0 0 -3.062541E+37 -3.062541E+37 0
0 0 0 0 0 0 0 0 0 -3.062541E+37 0 -3.062541E+37
0 0 0 -3.062541E+37 0 0 0 0 0 0 -3.062541E+37 -3.062541E+37
0 0 0 0 0 0 -3.062541E+37 0 0 -3.062541E+37 -3.062541E+37 0
0 0 0 0 0 0 0 0 0 0 0 -3.062541E+37
0 0 0 0 0 0 0 0 0 0 0 -3.062541E+37
0 0 0 0 0 -3.062541E+37 0 0 0 -3.062541E+37 -3.062541E+37 0
0 0 0 0 0 0 0 0 0 -3.062541E+37 0 -3.062541E+37
0 0 0 0 0 0 0 0 0 0 -3.062541E+37 0
-3.062541E+37 -3.062541E+37 -3.062541E+37 -3.062541E+37 -3.062541E+37 -3.062541E+37 0 0 0 -3.062541E+37 -3.062541E+37 0
0 0 0 0 0 0 0 -3.062541E+37 0 -3.062541E+37 0 -3.062541E+37
0 -3.062541E+37 -5.818828E+37 -5.818828E+37 0 0 0 0 0 0 -5.818828E+37 -5.818828E+37
0 0 0 0 0 0 -3.062541E+37 0 0 -3.062541E+37 -3.062541E+37 0
0 0 0 0 0 0 0 0 0 0 0 -3.062541E+37
0 -3.062541E+37 -3.062541E+37 -3.062541E+37 0 0 0 0 0 0 -3.062541E+37 -3.062541E+37
0 0 0 -3.062541E+37 -3.062541E+37 -3.062541E+37 0 0 0 -3.062541E+37 -3.062541E+37 0
0 0 0 0 0 0 0 0 0 -3.062541E+37 0 -3.062541E+37
0 0 0 0 0 0 0 0 0 0 -3.062541E+37 -3.062541E+37
0 0 0 0 0 0 -3.062541E+37 0 0 -3.062541E+37 -3.062541E+37 0
0 0 0 0 0 0 0 0 0 0 0 -3.062541E+37
0 0 0 0 0 0 0 0 0 0 0 -3.062541E+37
0 0 0 0 -3.062541E+37 -3.062541E+37 0 0 0 -3.062541E+37 -3.062541E+37 0
0 0 0 0 0 0 0 0 0 -3.062541E+37 0 -3.062541E+37
0 0 -3.062541E+37 -3.062541E+37 0 0 0 0 0 0 -3.062541E+37 -3.062541E+37
0 0 0 0 0 -3.062541E+37 -3.062541E+37 0 0 -3.062541E+37 -3.062541E+37 0
0 0 0 0 0 0 0 0 0 0 0 -3.062541E+37
0 0 0 0 0 0 0 0 0 -3.062541E+37 0 -3.062541E+37
0 0 0 0 0 0 0 0 0 -3.062541E+37 -3.062541E+37 0
0 0 0 0 0 0 0 0 0 -3.062541E+37 0 -3.062541E+37
0 0 0 0 0 0 0 0 0 -3.062541E+37 -3.062541E+37 0
0 0 0 0 0 0 0 0 0 0 0 -3.062541E+37
0 0 -3.062541E+37 0 0 0 0 0 0 0 -3.062541E+37 -3.062541E+37
0 0 0 0 0 0 0 0 0 -3.062541E+37 -3.062541E+37 0
0 0 0 0 0 0 0 0 0 -3.062541E+37 0 -3.062541E+37
0 -3.062541E+37 -5.818828E+37 0 0 0 0 0 0 0 -5.818828E+37 -5.818828E+37
-3.062541E+37 -3.062541E+37 -3.062541E+37 0 -3.062541E+37 -3.062541E+37 0 0 0 -3.062541E+37 -5.818828E+37 0
0 0 -3.062541E+37 0 -3.062541E+37 -3.062541E+37 0 0 0 -3.062541E+37 0 -3.062541E+37
0 -3.062541E+37 -3.062541E+37 -3.062541E+37 -3.062541E+37 -3.062541E+37 0 0 0 -3.062541E+37 -3.062541E+37 0
0 0 0 0 0 0 0 -3.062541E+37 0 -3.062541E+37 0 -3.062541E+37
0 -3.062541E+37 -3.062541E+37 -5.818828E+37 0 0 0 0 0 0 -5.818828E+37 -5.818828E+37
0 0 0 0 0 0 -3.062541E+37 0 0 -3.062541E+37 -3.062541E+37 0
0 0 0 0 0 0 0 0 0 0 0 -3.062541E+37
0 0 0 0 0 0 0 0 0 0 0 -3.062541E+37
0 0 0 0 0 0 0 0 0 -3.062541E+37 -3.062541E+37 0
0 0 0 0 0 0 0 0 0 -3.062541E+37 0 -3.062541E+37
0 -3.062541E+37 -3.062541E+37 -3.062541E+37 0 0 0 0 0 0 -3.062541E+37 -3.062541E+37
0 -3.062541E+37 -3.062541E+37 -3.062541E+37 -3.062541E+37 -3.062541E+37 0 0 0 -3.062541E+37 -3.062541E+37 0
0 0 0 0 0 0 0 0 0 -3.062541E+37 0 -3.062541E+37
0 0 0 0 0 0 -3.062541E+37 0 0 -3.062541E+37 -3.062541E+37 0
0 0 0 0 0 0 0 0 0 0 0 -3.062541E+37
0 0 -3.062541E+37 -3.062541E+37 -3.062541E+37 -3.062541E+37 0 0 0 -3.062541E+37 -3.062541E+37 0
0 0 0 0 0 0 0 -3.062541E+37 0 -3.062541E+37 0 -3.062541E+37
0 -3.062541E+37 -3.062541E+37 -3.062541E+37 0 0 0 0 0 0 -3.062541E+37 -5.818828E+37
0 0 0 0 0 0 -3.062541E+37 0 0 -3.062541E+37 -3.062541E+37 0
0 0 0 0 0 0 0 0 0 0 0 -3.062541E+37
0 0 0 0 0 -3.062541E+37 0 0 0 -3.062541E+37 -3.062541E+37 0
0 0 0 0 0 0 0 0 0 -3.062541E+37 0 -3.062541E+37
0 0 0 -3.062541E+37 0 0 0 0 0 0 -3.062541E+37 -3.062541E+37
0 0 0 0 0 0 0 0 0 -3.062541E+37 -3.062541E+37 0
0 0 0 0 0 0 0 0 0 0 0 -3.062541E+37
0 0 0 0 0 0 -3.062541E+37 0 0 -3.062541E+37 0 -3.062541E+37
0 0 0 0 0 0 0 0 0 -3.062541E+37 -3.062541E+37 0
0 0 0 0 0 0 0 0 0 -3.062541E+37 0 -3.062541E+37
0 0 0 0 0 0 0 0 0 0 0 0
-3.062541E+37 -3.062541E+37 -3.062541E+37 0 -3.062541E+37 -3.062541E+37 -3.062541E+37 0 0 -5.818828E+37 -5.818828E+37 0
-3.062541E+37 -3.062541E+37 -3.062541E+37 0 -3.062541E+37 -3.062541E+37 -3.062541E+37 0 0 -3.062541E+37 0 -5.818828E+37
0 0 0 0 0 0 0 0 0 0 0 0
0 0 0 0 0 0 -3.062541E+37 0 -3.062541E+37 -5.818828E+37 0 -5.818828E+37
0 0 0 0 0 0 0 0 0 0 -5.818828E+37 0
0 0 0 0 0 0 0 0 0 -5.818828E+37 0 -5.818828E+37
0 0 0 0 0 0 0 0 0 0 -5.818828E+37 0
0 0 0 0 0 0 -3.062541E+37 0 0 -3.062541E+37 0 -3.062541E+37
0 0 0 0 0 0 -3.062541E+37 0 0 -3.062541E+37 -3.062541E+37 0
-3.062541E+37 -3.062541E+37 -3.062541E+37 0 -3.062541E+37 -3.062541E+37 0 0 0 -3.062541E+37 -3.062541E+37 0
0 0 0 0 0 0 0 0 0 -3.062541E+37 0 -3.062541E+37
0 -3.062541E+37 -3.062541E+37 0 0 0 0 0 0 0 -3.062541E+37 -5.818828E+37
0 0 0 0 0 -3.062541E+37 -3.062541E+37 0 0 -3.062541E+37 -3.062541E+37 0
0 0 0 0 0 0 0 0 0 0 0 -3.062541E+37
0 0 0 0 0 0 0 0 0 0 0 0
0 0 0 0 -3.062541E+37 -3.062541E+37 -3.062541E+37 0 0 -5.818828E+37 -5.818828E+37 0
0 0 0 0 0 0 0 0 0 0 0 -5.818828E+37
0 0 0 0 0 -3.062541E+37 -3.062541E+37 0 0 -3.062541E+37 -3.062541E+37 0
0 0 0 0 0 0 -3.062541E+37 0 0 -3.062541E+37 0 -3.062541E+37
-3.062541E+37 -3.062541E+37 -3.062541E+37 -3.062541E+37 -3.062541E+37 -3.062541E+37 0 0 0 -3.062541E+37 -3.062541E+37 0
0 0 0 0 0 0 0 0 0 -3.062541E+37 0 -3.062541E+37
0 -3.062541E+37 -3.062541E+37 -3.062541E+37 0 0 0 0 0 0 -3.062541E+37 -5.818828E+37
0 0 0 0 0 0 -3.062541E+37 0 0 -3.062541E+37 -3.062541E+37 0
0 0 0 0 0 0 0 0 0 0 0 -3.062541E+37
0 -3.062541E+37 -3.062541E+37 0 0 0 0 0 0 0 -3.062541E+37 -5.818828E+37
0 0 -3.062541E+37 0 -3.062541E+37 -3.062541E+37 0 0 0 -3.062541E+37 -3.062541E+37 0
0 0 0 0 0 0 0 0 0 -3.062541E+37 0 -3.062541E+37
0 0 0 0 -3.062541E+37 -3.062541E+37 0 0 0 -3.062541E+37 -3.062541E+37 0
0 0 0 0 0 0 0 0 0 -3.062541E+37 0 -3.062541E+37
0 0 -3.062541E+37 -3.062541E+37 0 0 0 0 0 0 -3.062541E+37 -3.062541E+37
0 0 0 0 0 -3.062541E+37 -3.062541E+37 0 0 -3.062541E+37 -3.062541E+37 0
0 0 0 0 0 0 0 0 0 0 0 -3.062541E+37
0 -5.818828E+37 -5.818828E+37 0 0 0 0 0 0 0 -5.818828E+37 -5.818828E+37
0 0 -3.062541E+37 0 -3.062541E+37 -3.062541E+37 0 0 0 -3.062541E+37 -3.062541E+37 0
0 0 0 0 0 -3.062541E+37 0 0 0 -3.062541E+37 0 -3.062541E+37
0 0 0 0 -5.818828E+37 -3.062541E+37 -3.062541E+37 0 0 -3.062541E+37 -3.062541E+37 0
0 0 0 0 0 -3.062541E+37 -3.062541E+37 0 0 -3.062541E+37 0 -3.062541E+37
0 -3.062541E+37 -3.062541E+37 0 0 0 0 0 0 0 -5.818828E+37 -5.818828E+37
-3.062541E+37 -3.062541E+37 -3.062541E+37 0 -3.062541E+37 -3.062541E+37 0 0 0 -3.062541E+37 -3.062541E+37 0
0 0 -3.062541E+37 0 -3.062541E+37 -3.062541E+37 0 0 0 -3.062541E+37 0 -3.062541E+37
0 0 0 0 0 0 0 0 0 0 0 0
0 0 0 0 -5.818828E+37 -3.062541E+37 -3.062541E+37 0 0 -3.062541E+37 -3.062541E+37 0
0 0 0 0 0 0 -3.062541E+37 0 0 -3.062541E+37 0 -3.062541E+37
0 -3.062541E+37 -3.062541E+37 0 0 0 0 0 0 0 -5.818828E+37 -5.818828E+37
0 -3.062541E+37 -3.062541E+37 0 -3.062541E+37 -3.062541E+37 0 0 0 -3.062541E+37 -3.062541E+37 0
0 0 -3.062541E+37 0 -3.062541E+37 -3.062541E+37 0 0 0 -3.062541E+37 0 -3.062541E+37
-3.062541E+37 -3.062541E+37 -3.062541E+37 -3.062541E+37 -3.062541E+37 -3.062541E+37 0 0 0 -3.062541E+37 -3.062541E+37 0
0 0 0 0 0 0 0 0 0 -3.062541E+37 0 -3.062541E+37
0 -3.062541E+37 -3.062541E+37 -3.062541E+37 0 0 0 0 0 0 -3.062541E+37 -5.818828E+37
0 0 -3.062541E+37 -5.818828E+37 -5.818828E+37 -5.818828E+37 -3.062541E+37 0 0 -3.062541E+37 -3.062541E+37 0
0 0 0 0 0 0 0 0 0 0 0 -3.062541E+37
0 0 0 0 0 0 0 0 0 -3.062541E+37 0 -3.062541E+37
0 0 0 0 0 0 0 0 0 -3.062541E+37 -3.062541E+37 0
0 0 0 0 0 0 0 0 0 0 0 -3.062541E+37
0 0 0 0 0 0 0 0 0 0 0 0
0 0 0 0 0 0 0 0 0 -3.062541E+37 0 -3.062541E+37
0 0 0 0 0 0 0 0 0 0 -3.062541E+37 0
0 0 0 0 0 0 0 0 0 -3.062541E+37 -3.062541E+37 0
0 0 0 0 0 0 0 0 0 0 0 -3.062541E+37
0 0 -3.062541E+37 -3.062541E+37 -3.062541E+37 -3.062541E+37 0 0 0 -3.062541E+37 -3.062541E+37 0
0 0 0 0 0 0 0 0 0 -3.062541E+37 0 -3.062541E+37
0 -3.062541E+37 -3.062541E+37 -3.062541E+37 0 0 0 0 0 0 -3.062541E+37 -3.062541E+37
0 0 0 0 -5.818828E+37 -5.818828E+37 -3.062541E+37 0 0 -3.062541E+37 -3.062541E+37 0
0 0 0 0 0 0 0 0 0 0 0 -3.062541E+37
0 0 0 0 0 0 0 0 0 0 0 0
0 0 0 0 0 0 0 0 0 0 0 0
0 0 0 0 0 0 0 0 0 -5.818828E+37 0 -5.818828E+37
0 0 0 0 0 0 0 0 0 0 -5.818828E+37 0
0 0 -3.062541E+37 0 -3.062541E+37 -3.062541E+37 0 0 0 -3.062541E+37 -3.062541E+37 0
0 0 0 0 0 -3.062541E+37 0 0 0 -3.062541E+37 0 -3.062541E+37
0 0 -3.062541E+37 0 0 0 0 0 0 0 -3.062541E+37 -3.062541E+37
0 0 0 0 0 0 -3.062541E+37 0 0 -3.062541E+37 -3.062541E+37 0
0 0 0 0 0 0 0 0 0 -3.062541E+37 0 -3.062541E+37
0 0 0 0 0 0 -3.062541E+37 0 0 -3.062541E+37 -3.062541E+37 0
0 0 0 0 0 0 0 0 0 0 0 -3.062541E+37
0 0 0 0 0 0 -3.062541E+37 0 0 -3.062541E+37 -3.062541E+37 0
0 0 0 0 0 0 0 0 0 -3.062541E+37 0 -3.062541E+37
0 0 0 0 0 -3.062541E+37 -3.062541E+37 0 0 -3.062541E+37 -3.062541E+37 0
0 0 0 0 0 0 0 0 0 0 0 -3.062541E+37
0 0 -3.062541E+37 0 0 0 0 0 0 0 -3.062541E+37 -3.062541E+37
0 0 -3.062541E+37 0 -3.062541E+37 -3.062541E+37 0 0 0 -3.062541E+37 -3.062541E+37 0
0 0 0 0 0 0 0 0 0 -3.062541E+37 0 -3.062541E+37
0 0 0 0 0 -3.062541E+37 -3.062541E+37 0 0 -3.062541E+37 -3.062541E+37 0
0 0 0 0 0 0 0 0 0 0 0 -3.062541E+37
0 0 0 -3.062541E+37 0 0 0 0 0 0 -3.062541E+37 -3.062541E+37
0 0 0 -3.062541E+37 -3.062541E+37 -3.062541E+37 0 0 0 -3.062541E+37 -3.062541E+37 0
0 0 0 0 0 0 0 0 0 -3.062541E+37 0 -3.062541E+37
0 0 0 0 0 -3.062541E+37 0 0 0 -3.062541E+37 -3.062541E+37 0
0 0 0 0 0 0 0 0 0 0 0 -3.062541E+37
0 0 0 0 0 0 0 0 0 0 0 -3.062541E+37
0 0 0 0 0 0 0 0 0 0 0 0
0 0 0 0 0 0 0 0 0 0 0 0
0 0 0 0 0 0 0 0 0 0 0 0
0 0 0 0 0 0 0 0 0 -5.818828E+37 0 -5.818828E+37
0 0 0 0 0 0 0 0 0 0 -5.818828E+37 0
0 0 0 0 0 0 0 0 -3.062541E+37 0 -5.818828E+37 -5.818828E+37
0 0 0 0 0 0 0 0 0 -5.818828E+37 -5.818828E+37 0
0 0 0 0 0 0 0 0 0 -5.818828E+37 0 -5.818828E+37
0 0 0 0 0 0 0 0 0 0 -3.062541E+37 0
0 0 0 0 0 0 -3.062541E+37 0 0 -3.062541E+37 0 -3.062541E+37
0 0 0 0 0 0 0 0 0 0 -3.062541E+37 0
0 0 0 0 0 0 0 -3.062541E+37 0 -3.062541E+37 0 -3.062541E+37
0 0 0 0 0 0 0 0 0 0 -3.062541E+37 0
0 0 0 0 0 0 0 0 0 0 0 0
0 0 0 0 0 0 0 0 0 0 0 0
0 0 0 0 0 0 0 0 0 -5.818828E+37 0 -5.818828E+37
0 0 0 0 0 0 0 0 0 -5.818828E+37 -5.818828E+37 0
0 0 0 0 0 0 0 0 0 0 -5.818828E+37 -5.818828E+37
0 0 0 0 0 0 0 0 0 -5.818828E+37 -5.818828E+37 0
0 0 0 0 0 0 0 0 0 0 0 -5.818828E+37
0 0 0 0 0 0 0 0 -3.062541E+37 -5.818828E+37 0 -5.818828E+37
0 0 0 0 0 0 0 0 0 -5.818828E+37 -5.818828E+37 0
0 0 0 0 0 0 0 0 0 0 -5.818828E+37 -5.818828E+37
0 0 0 0 0 0 0 0 0 -3.062541E+37 0 -3.062541E+37
0 0 0 0 0 0 0 0 0 0 -3.062541E+37 0
0 0 0 0 0 0 0 0 0 0 0 0
0 0 0 0 0 0 0 0 0 -3.062541E+37 0 -3.062541E+37
0 0 0 0 0 0 0 0 0 0 -3.062541E+37 0
0 0 0 0 0 0 0 0 0 0 0 0
0 0 0 0 0 0 0 0 0 -3.062541E+37 -3.062541E+37 0
0 0 0 0 0 0 0 0 0 0 0 -3.062541E+37
0 0 0 0 0 0 0 0 0 -5.818828E+37 -5.818828E+37 0
0 0 0 0 0 0 0 0 0 0 0 -5.818828E+37
0 0 0 0 0 0 0 0 -3.062541E+37 0 -5.818828E+37 -5.818828E+37
0 0 0 0 0 0 0 0 0 -5.818828E+37 -5.818828E+37 0
0 0 0 0 0 0 0 0 0 -5.818828E+37 0 -5.818828E+37
0 -3.062541E+37 -5.818828E+37 0 0 0 0 0 0 0 -5.818828E+37 -5.818828E+37
0 0 0 0 -3.062541E+37 -3.062541E+37 0 0 0 -3.062541E+37 -3.062541E+37 0
0 0 0 0 0 -3.062541E+37 0 0 0 -3.062541E+37 0 -3.062541E+37
0 0 0 0 0 -3.062541E+37 -3.062541E+37 0 0 -3.062541E+37 -3.062541E+37 0
0 0 0 0 0 0 0 0 0 -3.062541E+37 0 -3.062541E+37
0 0 0 0 0 -3.062541E+37 0 0 0 -3.062541E+37 -3.062541E+37 0
0 0 0 0 0 0 0 0 0 0 0 -3.062541E+37
0 0 0 0 0 0 0 0 0 0 0 -3.062541E+37
0 0 0 0 0 0 0 0 0 0 -3.062541E+37 0
0 0 0 0 0 0 0 0 0 0 0 -3.062541E+37
0 0 0 0 0 -3.062541E+37 -3.062541E+37 0 0 -3.062541E+37 -3.062541E+37 0
0 0 0 0 0 0 0 0 0 0 0 -3.062541E+37
0 -3.062541E+37 -3.062541E+37 0 0 0 0 0 0 0 -3.062541E+37 -3.062541E+37
0 0 0 0 -3.062541E+37 -3.062541E+37 0 0 0 -3.062541E+37 -3.062541E+37 0
0 0 0 0 0 0 0 0 0 -3.062541E+37 0 -3.062541E+37
0 0 0 0 0 0 0 0 0 -3.062541E+37 -3.062541E+37 0
0 0 0 0 0 0 0 0 0 0 0 -3.062541E+37
0 0 -3.062541E+37 0 0 0 0 0 0 0 -3.062541E+37 -3.062541E+37
0 0 0 0 0 0 0 0 0 -3.062541E+37 -3.062541E+37 0
0 0 0 0 0 0 0 0 0 -3.062541E+37 0 -3.062541E+37
0 0 0 0 0 0 0 0 0 0 0 0
0 0 0 0 0 0 0 0 0 0 0 0
