-3.062541E+37 -3.062541E+37 -3.062541E+37 0 -3.1264E+37 -3.375921E+37 -5.818828E+37 0 0 -5.818828E+37 0 -5.818828E+37
-1.193638E+38 -9.70266E+37 -8.6649E+37 0 -1.067538E+38 -8.731094E+37 -1.053208E+38 0 0 -1.053208E+38 0 -1.053208E+38
-1.467762E+38 -9.37368E+37 -8.320118E+37 -9.493552E+37 -1.053208E+38 -1.040602E+38 -1.053208E+38 -1.053208E+38 0 -1.053208E+38 0 -1.053208E+38
-8.299486E+37 0 -3.062541E+37 -3.062541E+37 -3.062541E+37 -2.87323E+36 -1.053208E+38 -5.818828E+37 0 -3.062541E+37 0 -3.062541E+37
0 0 0 0 0 0 0 -3.062541E+37 -8.299486E+37 -3.062541E+37 0 -3.062541E+37
-3.062541E+37 -3.062541E+37 -3.062541E+37 -3.062541E+37 -3.062541E+37 -3.062541E+37 0 -8.299486E+37 0 -3.062541E+37 0 -5.818828E+37
-8.299486E+37 0 0 0 0 -3.062541E+37 -3.062541E+37 0 0 -3.062541E+37 0 -3.062541E+37
-8.299486E+37 0 0 0 0 0 0 0 0 0 0 0
0 0 0 0 0 0 0 0 -5.818828E+37 0 0 0
0 0 0 0 0 0 0 0 -3.062541E+37 0 0 0
-3.062541E+37 0 0 0 -3.062541E+37 0 0 0 0 0 0 0
-8.299486E+37 -3.062541E+37 -3.062541E+37 0 0 0 -3.062541E+37 0 0 0 0 0
-5.818828E+37 0 0 0 -3.062541E+37 0 0 0 0 0 0 0
-8.299486E+37 0 0 0 0 0 0 0 0 0 0 0
-3.062541E+37 0 0 0 0 0 0 0 0 0 0 0
-3.062541E+37 0 0 0 0 0 0 0 0 0 0 0
-3.062541E+37 0 0 0 0 0 0 0 0 0 0 0
0 0 0 0 0 0 0 0 0 0 0 0
0 0 0 0 0 0 0 0 -3.062541E+37 -3.062541E+37 0 -3.062541E+37
0 0 0 0 0 0 0 0 0 0 -3.062541E+37 0
0 -8.299486E+37 -5.818828E+37 0 0 0 0 0 0 0 -1.053208E+38 -1.053208E+38
0 0 0 0 0 -8.299486E+37 0 0 0 -3.062541E+37 -3.062541E+37 0
0 0 0 0 0 -5.818828E+37 0 0 -5.818828E+37 -3.062541E+37 0 -3.062541E+37
0 -3.062541E+37 -8.299486E+37 -8.299486E+37 0 0 0 0 0 0 -5.818828E+37 -5.818828E+37
0 0 0 0 -3.062541E+37 -3.062541E+37 0 0 0 -3.062541E+37 -3.062541E+37 0
0 -1.053208E+38 -1.053208E+38 -1.053208E+38 0 0 0 0 0 0 -1.254141E+38 -1.254141E+38
0 0 0 -5.818828E+37 -3.062541E+37 -5.818828E+37 0 0 0 -3.062541E+37 -3.062541E+37 0
0 0 0 0 0 -3.062541E+37 0 -3.062541E+37 -3.062541E+37 -3.062541E+37 0 -3.062541E+37
0 0 0 0 0 0 0 0 0 0 0 0
0 0 0 0 0 0 0 0 0 -3.062541E+37 0 -3.062541E+37
0 0 0 0 0 0 0 0 0 0 -3.062541E+37 0
0 -5.818828E+37 -8.299486E+37 0 0 0 0 0 0 0 -8.299486E+37 -8.299486E+37
0 -3.062541E+37 -3.062541E+37 0 -3.062541E+37 -3.062541E+37 0 0 0 -3.062541E+37 -3.062541E+37 0
-3.062541E+37 -3.062541E+37 -3.062541E+37 0 -3.062541E+37 -3.062541E+37 0 0 0 -3.062541E+37 0 -5.818828E+37
0 -5.818828E+37 -5.818828E+37 -5.818828E+37 0 0 0 0 0 0 -8.299486E+37 -8.299486E+37
0 -3.062541E+37 -3.062541E+37 -3.062541E+37 -3.062541E+37 -3.062541E+37 0 0 0 -3.062541E+37 -3.062541E+37 0
0 -1.254141E+38 -1.254141E+38 -1.254141E+38 0 0 0 0 0 0 -1.434981E+38 -1.434981E+38
-3.062541E+37 -3.062541E+37 -3.062541E+37 -3.062541E+37 -3.062541E+37 -3.062541E+37 0 0 0 -3.062541E+37 -5.818828E+37 0
0 0 0 0 0 -3.062541E+37 0 -3.062541E+37 0 -3.062541E+37 0 -3.062541E+37
0 -1.87605E+38 -1.87605E+38 -1.87605E+38 0 0 0 0 0 0 -1.994699E+38 -1.994699E+38
-5.818828E+37 -5.818828E+37 -5.818828E+37 -5.818828E+37 -5.818828E+37 -5.818828E+37 0 0 0 -5.818828E+37 -5.818828E+37 0
-5.818828E+37 -5.818828E+37 -8.299486E+37 -8.299486E+37 -8.299486E+37 -1.053208E+38 0 -1.053208E+38 0 -1.053208E+38 0 -8.299486E+37
0 0 0 0 0 0 0 0 0 0 0 0
0 0 0 0 0 0 0 0 0 0 0 0
0 -1.434981E+38 -1.434981E+38 0 0 0 0 0 0 0 -1.434981E+38 -1.597737E+38
-3.062541E+37 -3.062541E+37 -3.062541E+37 0 -3.062541E+37 -5.818828E+37 0 0 0 -5.818828E+37 -5.818828E+37 0
-3.062541E+37 -5.818828E+37 -5.818828E+37 0 -3.467004E+37 -4.805573E+37 0 0 0 -5.818828E+37 0 -5.818828E+37
0 0 0 0 -3.062541E+37 -3.062541E+37 -3.062541E+37 0 0 -3.062541E+37 -2.756287E+36 0
0 0 0 0 0 0 0 0 0 0 0 0
0 0 0 0 0 0.8019 -3.062541E+37 0 0 -3.062541E+37 0 -3.062541E+37
0 0 0 0 0 0 0 0 0 0 -3.062541E+37 0
-1.053208E+38 -1.053208E+38 -1.053208E+38 -1.254141E+38 -1.053208E+38 -1.254141E+38 -1.254141E+38 -1.434981E+38 0 -1.254141E+38 0 -1.254141E+38
-3.062541E+37 -3.062541E+37 -3.062541E+37 -3.062541E+37 -3.062541E+37 -3.062541E+37 -5.818828E+37 0 0 -5.818828E+37 -5.818828E+37 0
0 -2.101483E+38 -2.101483E+38 0 0 0 0 0 0 0 -2.284084E+38 -2.197589E+38
-5.818828E+37 -5.818828E+37 -8.299486E+37 0 -8.299486E+37 -8.299486E+37 0 0 0 -1.053208E+38 -8.299486E+37 0
-1.053208E+38 -1.053208E+38 -1.254141E+38 0 -1.053208E+38 -1.254141E+38 0 0 0 -1.053208E+38 0 -1.053208E+38
0 -5.818828E+37 -5.818828E+37 -5.818828E+37 -3.062541E+37 -3.062541E+37 -3.062541E+37 0 0 -3.062541E+37 0 -3.062541E+37
0 0 0 0 0 0 0 0 0 0 -3.062541E+37 0
-1.434981E+38 -1.434981E+38 -1.434981E+38 0 -1.434981E+38 -1.434981E+38 -1.597737E+38 0 0 -1.744217E+38 0 -1.597737E+38
-3.062541E+37 -5.818828E+37 -5.818828E+37 0 -5.818828E+37 -5.818828E+37 -5.818828E+37 0 0 -5.818828E+37 -5.818828E+37 0
-8.299486E+37 -8.299486E+37 -8.299486E+37 -8.299486E+37 -8.299486E+37 -1.053208E+38 -1.053208E+38 -1.053208E+38 0 -1.053208E+38 0 -1.053208E+38
-5.818828E+37 -5.818828E+37 -8.299486E+37 -5.818828E+37 -5.818828E+37 -5.818828E+37 -5.818828E+37 0 0 -5.818828E+37 -8.299486E+37 0
0 -1.053208E+38 -8.299486E+37 -1.053208E+38 0 0 0 0 0 0 -1.053208E+38 -1.053208E+38
-5.818828E+37 -5.818828E+37 -5.818828E+37 -5.818828E+37 -5.818828E+37 -5.818828E+37 0 0 0 -5.818828E+37 -8.299486E+37 0
-5.818828E+37 -5.818828E+37 -8.299486E+37 -8.299486E+37 -8.299486E+37 -8.299486E+37 0 -8.299486E+37 0 -8.299486E+37 0 -8.299486E+37
0 0 -3.062541E+37 -5.818828E+37 -3.062541E+37 -3.062541E+37 -3.062541E+37 0 0 -3.062541E+37 0 -3.062541E+37
0 0 0 0 0 0 0 0 0 0 -3.062541E+37 0
-8.299486E+37 -1.053208E+38 -1.053208E+38 0 -1.053208E+38 -1.053208E+38 -1.053208E+38 0 0 -1.053208E+38 0 -1.053208E+38
-8.299486E+37 -8.299486E+37 -8.299486E+37 0 -8.299486E+37 -8.299486E+37 -1.053208E+38 0 0 -1.053208E+38 -1.053208E+38 0
0 -1.053208E+38 -1.053208E+38 0 0 0 0 0 0 0 -1.053208E+38 -1.254141E+38
-5.818828E+37 -5.818828E+37 -8.299486E+37 0 -8.299486E+37 -8.299486E+37 0 0 0 -8.299486E+37 -8.299486E+37 0
-8.299486E+37 -8.299486E+37 -8.299486E+37 0 -8.299486E+37 -8.299486E+37 0 0 0 -8.299486E+37 0 -8.299486E+37
0 0 0 0 0 0 0 0 0 0 0 0
-3.062541E+37 -3.062541E+37 -3.062541E+37 0 -5.818828E+37 -5.818828E+37 -5.818828E+37 0 0 -5.818828E+37 -5.818828E+37 0
-3.062541E+37 -3.062541E+37 -3.062541E+37 0 -3.062541E+37 -3.062541E+37 -3.062541E+37 0 0 -3.062541E+37 0 -3.062541E+37
0 -8.299486E+37 -8.299486E+37 0 0 0 0 0 0 0 -8.299486E+37 -1.053208E+38
-5.818828E+37 -5.818828E+37 -5.818828E+37 0 -5.818828E+37 -5.818828E+37 0 0 0 -5.818828E+37 -8.299486E+37 0
-3.062541E+37 -3.062541E+37 -3.062541E+37 0 -3.062541E+37 -3.062541E+37 0 0 0 -3.062541E+37 0 -3.062541E+37
-3.062541E+37 -3.062541E+37 -3.062541E+37 -5.818828E+37 -5.818828E+37 -5.818828E+37 -5.818828E+37 0 0 -5.818828E+37 -5.818828E+37 0
0 0 -3.062541E+37 -3.062541E+37 -3.062541E+37 -3.062541E+37 -3.062541E+37 -3.062541E+37 0 -3.062541E+37 0 -3.062541E+37
0 -5.818828E+37 -8.299486E+37 -8.299486E+37 0 0 0 0 0 0 -8.299486E+37 -8.299486E+37
-5.818828E+37 -5.818828E+37 -5.818828E+37 -5.818828E+37 -5.818828E+37 -5.818828E+37 0 0 0 -5.818828E+37 -5.818828E+37 0
-3.062541E+37 -3.062541E+37 -3.062541E+37 -3.062541E+37 -3.062541E+37 -3.062541E+37 0 -5.818828E+37 0 -5.818828E+37 0 -5.818828E+37
0 0 -3.062541E+37 -3.062541E+37 -3.062541E+37 -3.062541E+37 -3.062541E+37 0 0 -3.062541E+37 -3.062541E+37 0
0 0 0 0 0 0 0 -3.062541E+37 0 -3.062541E+37 0 -3.062541E+37
0 -5.818828E+37 -3.062541E+37 0 0 0 0 0 0 0 -3.062541E+37 -3.062541E+37
0 0 0 0 0 -5.818828E+37 0 0 0 -3.062541E+37 -3.062541E+37 0
0 0 0 0 0 0 0 0 0 -3.062541E+37 0 -3.062541E+37
0 -5.818828E+37 -5.818828E+37 -8.299486E+37 0 0 0 0 0 0 -8.299486E+37 -8.299486E+37
0 0 -5.818828E+37 -5.818828E+37 -3.062541E+37 -3.062541E+37 0 0 0 -3.062541E+37 -3.062541E+37 0
0 0 0 0 0 0 0 0 -3.062541E+37 -3.062541E+37 0 -3.062541E+37
0 -5.818828E+37 -3.062541E+37 -5.818828E+37 0 0 0 0 0 0 -8.299486E+37 -8.299486E+37
0 -3.062541E+37 -3.062541E+37 -3.062541E+37 -3.062541E+37 -3.062541E+37 -3.062541E+37 0 0 -3.062541E+37 -3.062541E+37 0
0 0 0 0 0 0 0 -3.062541E+37 0 -3.062541E+37 0 -3.062541E+37
0 -5.818828E+37 -5.818828E+37 -5.818828E+37 0 0 0 0 0 0 -5.818828E+37 -8.299486E+37
-3.062541E+37 -3.062541E+37 -3.062541E+37 -5.818828E+37 -5.818828E+37 -5.818828E+37 0 0 0 -5.818828E+37 -5.818828E+37 0
0 0 0 0 -3.062541E+37 -3.062541E+37 0 -3.062541E+37 0 -3.062541E+37 0 -3.062541E+37
0 0 0 -3.062541E+37 -3.062541E+37 -3.062541E+37 -3.062541E+37 0 0 -3.062541E+37 -3.062541E+37 0
0 0 0 0 0 0 0 0 0 0 0 -3.062541E+37
0 -3.062541E+37 -5.818828E+37 -5.818828E+37 0 0 0 0 0 0 -5.818828E+37 -5.818828E+37
-3.062541E+37 -3.062541E+37 -3.062541E+37 -3.062541E+37 -3.062541E+37 -3.062541E+37 0 0 0 -3.062541E+37 -3.062541E+37 0
0 0 0 0 0 0 0 -3.062541E+37 0 -3.062541E+37 0 -3.062541E+37
0 -5.818828E+37 -5.818828E+37 0 0 0 0 0 0 0 -5.818828E+37 -5.818828E+37
-3.062541E+37 -3.062541E+37 -3.062541E+37 0 -3.062541E+37 -3.062541E+37 0 0 0 -3.062541E+37 -3.062541E+37 0
0 -3.062541E+37 -3.062541E+37 0 -3.062541E+37 -3.062541E+37 0 0 0 -3.062541E+37 0 -3.062541E+37
0 0 0 0 -3.062541E+37 -3.062541E+37 -3.062541E+37 0 0 -3.062541E+37 0 -3.062541E+37
-3.062541E+37 -3.062541E+37 -3.062541E+37 0 -3.062541E+37 -3.062541E+37 -3.062541E+37 0 0 -3.062541E+37 -5.818828E+37 0
0 0 0 0 0 0 0 0 0 0 0 0
-3.062541E+37 -8.84189E+36 -5.39617E+36 0 -3.062541E+37 -9.702129E+36 -5.818828E+37 0 0 -8.299486E+37 0 -8.299486E+37
0 0 0 0 0 0 0 0 0 -8.299486E+37 -8.299486E+37 0
0 0 0 0 0 0 0 0 -3.062541E+37 -5.818828E+37 0 -5.818828E+37
0 0 0 0 0 0 0 0 0 -5.818828E+37 -5.818828E+37 0
0 0 0 0 0 0 0 0 0 0 -5.818828E+37 -5.818828E+37
0 0 0 0 0 -3.062541E+37 0 0 0 -3.062541E+37 0 -3.062541E+37
0 0 0 0 0 0 0 0 0 -3.062541E+37 -3.062541E+37 0
0 0 -3.062541E+37 0 0 0 0 0 0 0 -3.062541E+37 -3.062541E+37
0 0 0 0 0 0 0 0 0 -3.062541E+37 0 -3.062541E+37
0 0 0 0 0 0 0 0 0 0 -3.062541E+37 0
0 0 0 -3.062541E+37 0 0 0 0 0 0 -3.062541E+37 -3.062541E+37
0 0 0 0 0 0 0 0 0 -3.062541E+37 -3.062541E+37 0
0 0 0 0 0 0 0 0 0 -3.062541E+37 0 -3.062541E+37
0 0 0 -3.062541E+37 0 0 0 0 0 0 -3.062541E+37 -3.062541E+37
0 0 0 0 0 0 0 0 0 -3.062541E+37 -3.062541E+37 0
0 0 0 0 0 0 0 0 0 -3.062541E+37 0 -3.062541E+37
0 0 0 0 0 0 -3.062541E+37 0 0 -3.062541E+37 -3.062541E+37 0
0 0 0 0 0 0 -3.062541E+37 0 0 -3.062541E+37 0 -3.062541E+37
0 0 0 0 0 0 -3.062541E+37 0 0 -3.062541E+37 -3.062541E+37 0
0 0 0 0 0 0 -3.062541E+37 -3.062541E+37 0 -3.062541E+37 0 -3.062541E+37
0 0 0 0 -3.062541E+37 -3.062541E+37 -3.062541E+37 0 0 -3.062541E+37 -3.062541E+37 0
0 0 0 0 0 0 0 0 0 -3.062541E+37 0 -3.062541E+37
0 -3.062541E+37 -5.818828E+37 -5.818828E+37 0 0 0 0 0 0 -5.818828E+37 -5.818828E+37
-3.062541E+37 -3.062541E+37 -3.062541E+37 -3.062541E+37 -3.062541E+37 -3.062541E+37 0 0 0 -3.062541E+37 -5.818828E+37 0
0 0 0 0 0 -3.062541E+37 0 -3.062541E+37 0 -3.062541E+37 0 -3.062541E+37
0 -5.818828E+37 -5.818828E+37 0 0 0 0 0 0 0 -5.818828E+37 -5.818828E+37
-3.062541E+37 -3.062541E+37 -3.062541E+37 0 -3.062541E+37 -3.062541E+37 0 0 0 -3.062541E+37 -3.062541E+37 0
0 0 0 0 -3.062541E+37 -3.062541E+37 0 0 0 -3.062541E+37 0 -3.062541E+37
0 0 0 0 0 -3.062541E+37 -3.062541E+37 0 0 -3.062541E+37 -3.062541E+37 0
0 0 0 0 0 0 0 0 0 -3.062541E+37 0 -3.062541E+37
0 0 0 0 -3.062541E+37 -3.062541E+37 -3.062541E+37 0 0 -3.062541E+37 -3.062541E+37 0
0 0 0 0 0 -3.062541E+37 -3.062541E+37 0 0 -3.062541E+37 0 -3.062541E+37
0 -5.818828E+37 -5.818828E+37 0 0 0 0 0 0 0 -5.818828E+37 -8.299486E+37
-3.062541E+37 -3.062541E+37 -3.062541E+37 0 -3.062541E+37 -3.062541E+37 0 0 0 -3.062541E+37 -3.062541E+37 0
0 0 0 0 -3.062541E+37 -3.062541E+37 0 0 0 -3.062541E+37 0 -3.062541E+37
0 0 0 0 0 0 0 0 0 0 0 0
0 0 0 0 0 -3.062541E+37 -3.062541E+37 0 0 -3.062541E+37 0 -3.062541E+37
0 0 0 0 0 0 0 0 0 0 -3.062541E+37 0
0 0 0 0 0 0 0 0 0 0 0 0
0 0 0 0 0 0 0 0 0 0 0 0
0 0 0 0 0 -3.062541E+37 -3.062541E+37 0 0 -3.062541E+37 -3.062541E+37 0
0 0 0 0 0 0 0 0 0 0 0 -3.062541E+37
0 -3.062541E+37 -3.062541E+37 -3.062541E+37 0 0 0 0 0 0 -3.062541E+37 -3.062541E+37
0 0 0 -3.062541E+37 -3.062541E+37 -3.062541E+37 0 0 0 -3.062541E+37 -3.062541E+37 0
0 0 0 0 0 0 0 0 0 -3.062541E+37 0 -3.062541E+37
0 0 0 -5.818828E+37 0 0 0 0 0 0 -5.818828E+37 -3.062541E+37
0 0 0 0 0 -3.062541E+37 -3.062541E+37 0 0 -3.062541E+37 -3.062541E+37 0
0 0 0 0 0 0 0 0 0 0 0 -3.062541E+37
0 -3.062541E+37 -3.062541E+37 -3.062541E+37 0 0 0 0 0 0 -3.062541E+37 -3.062541E+37
0 0 0 0 -3.062541E+37 -3.062541E+37 0 0 0 -3.062541E+37 -3.062541E+37 0
0 0 0 0 0 0 0 0 0 -3.062541E+37 0 -3.062541E+37
0 -3.062541E+37 -3.062541E+37 0 0 0 0 0 0 0 -3.062541E+37 -5.818828E+37
0 0 -3.062541E+37 0 -3.062541E+37 -3.062541E+37 0 0 0 -3.062541E+37 -3.062541E+37 0
0 0 0 0 0 0 0 0 0 -3.062541E+37 0 -3.062541E+37
0 0 0 0 0 0 0 0 0 0 -3.062541E+37 -3.062541E+37
0 0 0 0 0 0 -3.062541E+37 0 0 -3.062541E+37 -3.062541E+37 0
0 0 0 0 0 0 0 0 0 0 0 -3.062541E+37
0 0 0 0 0 0 0 0 0 -3.062541E+37 -3.062541E+37 0
0 0 0 0 0 0 0 0 0 0 0 -3.062541E+37
0 0 0 -3.062541E+37 0 0 0 0 0 0 -3.062541E+37 -3.062541E+37
0 0 0 0 0 0 0 0 0 -3.062541E+37 -3.062541E+37 0
0 0 0 0 0 0 0 0 0 -3.062541E+37 0 -3.062541E+37
0 -3.062541E+37 -3.062541E+37 0 0 0 0 0 0 0 -3.062541E+37 -3.062541E+37
0 0 0 0 0 0 0 0 0 -3.062541E+37 -3.062541E+37 0
0 0 0 0 0 0 0 0 0 -3.062541E+37 0 -3.062541E+37
0 0 0 0 0 0 0 0 0 0 0 0
0 0 0 0 0 0 0 0 0 0 0 0
0 0 0 0 0 -3.062541E+37 -3.062541E+37 0 0 -3.062541E+37 -3.062541E+37 0
0 0 0 0 0 0 0 0 -3.062541E+37 -5.818828E+37 0 -3.062541E+37
0 0 0 0 0 0 0 0 0 0 -5.818828E+37 0
0 -1.053208E+38 -8.299486E+37 0 0 0 0 0 -3.062541E+37 0 -1.053208E+38 -1.254141E+38
0 0 -5.818828E+37 0 -5.818828E+37 -3.062541E+37 0 0 0 -5.818828E+37 -5.818828E+37 0
0 0 0 0 0 -3.062541E+37 0 0 -3.062541E+37 -5.818828E+37 0 -5.818828E+37
0 0 0 0 -3.062541E+37 -3.062541E+37 -3.062541E+37 0 0 -5.818828E+37 -5.818828E+37 0
0 0 0 0 0 -3.062541E+37 -3.062541E+37 -5.818828E+37 0 -3.062541E+37 0 -5.818828E+37
0 0 0 0 0 0 0 0 0 0 -3.062541E+37 0
-3.062541E+37 -3.062541E+37 -3.062541E+37 -3.062541E+37 -3.062541E+37 -3.062541E+37 0 0 0 -3.062541E+37 -3.062541E+37 0
0 0 0 0 0 0 0 0 0 -3.062541E+37 0 -3.062541E+37
0 -3.062541E+37 -3.062541E+37 -3.062541E+37 0 0 0 0 0 0 -3.062541E+37 -5.818828E+37
0 0 0 0 0 0 -3.062541E+37 0 0 -3.062541E+37 -3.062541E+37 0
0 0 0 0 0 0 0 0 0 0 0 -3.062541E+37
0 0 0 -3.062541E+37 -3.062541E+37 -3.062541E+37 0 0 0 -3.062541E+37 -3.062541E+37 0
0 0 0 0 0 0 0 0 0 -3.062541E+37 0 -3.062541E+37
0 -3.062541E+37 -3.062541E+37 -3.062541E+37 0 0 0 0 0 0 -5.818828E+37 -5.818828E+37
0 0 0 0 0 0 -3.062541E+37 0 0 -3.062541E+37 -3.062541E+37 0
0 0 0 0 0 0 0 0 0 0 0 -3.062541E+37
0 -3.062541E+37 -5.818828E+37 0 0 0 0 0 0 0 -5.818828E+37 -5.818828E+37
0 -3.062541E+37 -3.062541E+37 0 -3.062541E+37 -3.062541E+37 0 0 0 -3.062541E+37 -3.062541E+37 0
0 0 -3.062541E+37 0 -3.062541E+37 -3.062541E+37 0 0 0 -3.062541E+37 0 -3.062541E+37
0 -5.818828E+37 -5.818828E+37 0 0 0 0 0 0 0 -5.818828E+37 -5.818828E+37
0 -3.062541E+37 -3.062541E+37 0 -3.062541E+37 -3.062541E+37 0 0 0 -3.062541E+37 -3.062541E+37 0
-3.062541E+37 -3.062541E+37 -3.062541E+37 0 -3.062541E+37 -3.062541E+37 0 0 0 -3.062541E+37 0 -3.062541E+37
0 0 0 0 -3.062541E+37 -3.062541E+37 -3.062541E+37 0 0 -3.062541E+37 0 -3.062541E+37
0 0 0 0 0 0 -3.062541E+37 0 0 -3.062541E+37 -3.062541E+37 0
0 0 0 0 0 0 0 0 0 0 0 0
-3.062541E+37 -3.062541E+37 -3.062541E+37 -3.062541E+37 -3.062541E+37 -3.062541E+37 0 -3.062541E+37 0 -3.062541E+37 0 -5.818828E+37
-3.062541E+37 -3.062541E+37 -3.062541E+37 -3.062541E+37 -3.062541E+37 -3.062541E+37 0 0 0 -3.062541E+37 -3.062541E+37 0
0 -3.062541E+37 -3.062541E+37 -5.818828E+37 0 0 0 0 0 0 -5.818828E+37 -5.818828E+37
0 0 0 0 0 -3.062541E+37 -3.062541E+37 0 0 -3.062541E+37 0 -3.062541E+37
0 0 0 0 0 0 0 0 0 0 -3.062541E+37 0
0 0 0 0 0 0 -3.062541E+37 0 0 -3.062541E+37 -3.062541E+37 0
0 0 0 0 -3.062541E+37 -3.062541E+37 -3.062541E+37 -3.062541E+37 0 -3.062541E+37 0 -3.062541E+37
0 0 0 0 0 0 -3.062541E+37 -3.062541E+37 0 -3.062541E+37 0 -3.062541E+37
0 0 0 0 0 0 -3.062541E+37 0 0 -3.062541E+37 -3.062541E+37 0
0 -3.062541E+37 -3.062541E+37 -3.062541E+37 0 0 0 0 0 0 -5.818828E+37 -5.818828E+37
0 0 0 -3.062541E+37 -3.062541E+37 -3.062541E+37 0 0 0 -3.062541E+37 -3.062541E+37 0
0 0 0 0 -3.062541E+37 -3.062541E+37 0 -3.062541E+37 0 -3.062541E+37 0 -3.062541E+37
0 0 0 0 0 0 -3.062541E+37 0 0 -3.062541E+37 0 -3.062541E+37
0 0 0 0 0 0 0 0 0 0 -3.062541E+37 0
0 -3.062541E+37 -3.062541E+37 0 0 0 0 0 0 0 -3.062541E+37 -3.062541E+37
0 0 0 0 0 -3.062541E+37 0 0 0 -3.062541E+37 -3.062541E+37 0
0 0 0 0 0 0 0 0 0 -3.062541E+37 0 -3.062541E+37
0 0 0 0 0 0 0 0 0 -3.062541E+37 -3.062541E+37 0
0 0 0 0 0 0 0 0 0 0 0 -3.062541E+37
0 0 0 0 0 0 -5.818828E+37 0 0 -3.062541E+37 -3.062541E+37 0
0 0 0 0 0 -3.062541E+37 -3.062541E+37 0 0 -3.062541E+37 0 -3.062541E+37
0 0 0 0 -3.062541E+37 -3.062541E+37 0 -3.062541E+37 0 -3.062541E+37 0 -3.062541E+37
0 0 0 -3.062541E+37 -3.062541E+37 -3.062541E+37 0 0 0 -3.062541E+37 -3.062541E+37 0
0 -3.062541E+37 -3.062541E+37 -5.818828E+37 0 0 0 0 0 0 -5.818828E+37 -5.818828E+37
0 0 0 0 0 0 0 0 0 -3.062541E+37 0 -3.062541E+37
0 0 0 0 0 0 0 0 0 -3.062541E+37 -3.062541E+37 0
0 0 0 0 0 0 0 0 0 0 0 -3.062541E+37
0 0 0 0 0 0 0 0 0 0 -3.062541E+37 -3.062541E+37
0 0 0 0 0 0 0 0 0 -3.062541E+37 -3.062541E+37 0
0 0 0 0 0 0 0 0 0 -3.062541E+37 0 -3.062541E+37
0 -3.062541E+37 -3.062541E+37 -3.062541E+37 0 0 0 0 0 0 -3.062541E+37 -5.818828E+37
0 0 0 0 0 0 -3.062541E+37 0 0 -3.062541E+37 -3.062541E+37 0
0 0 0 0 0 0 0 -3.062541E+37 0 -3.062541E+37 0 -3.062541E+37
0 0 0 -3.062541E+37 0 0 0 0 0 0 -3.062541E+37 -3.062541E+37
0 0 0 0 0 -3.062541E+37 0 0 0 -3.062541E+37 -3.062541E+37 0
0 0 0 0 0 0 0 0 0 0 0 -3.062541E+37
0 0 0 0 0 0 0 0 0 0 0 -3.062541E+37
0 0 0 0 0 0 0 0 0 -3.062541E+37 -3.062541E+37 0
0 0 0 0 0 0 0 0 0 0 0 -3.062541E+37
0 0 0 0 0 0 0 0 0 0 0 0
0 0 0 0 0 0 0 0 0 0 0 0
-3.062541E+37 -3.062541E+37 -3.062541E+37 -3.062541E+37 -3.062541E+37 -3.062541E+37 -3.062541E+37 -5.818828E+37 0 -3.062541E+37 0 -3.062541E+37
0 0 0 0 0 0 -5.818828E+37 0 0 -5.818828E+37 -3.062541E+37 0
0 0 0 0 0 -3.062541E+37 0 -5.818828E+37 -3.062541E+37 -3.062541E+37 0 -3.062541E+37
0 0 0 -5.818828E+37 -5.818828E+37 -5.818828E+37 0 0 0 -5.818828E+37 -3.062541E+37 0
0 0 0 0 0 -5.818828E+37 -3.062541E+37 0 -3.062541E+37 -5.818828E+37 0 -5.818828E+37
0 0 0 0 0 0 0 0 0 0 -5.818828E+37 0
-3.062541E+37 -3.062541E+37 -3.062541E+37 -3.062541E+37 -3.062541E+37 -3.062541E+37 0 0 0 -3.062541E+37 -3.062541E+37 0
0 0 0 0 0 -3.062541E+37 0 -3.062541E+37 0 -3.062541E+37 0 -3.062541E+37
0 -3.062541E+37 -3.062541E+37 -5.818828E+37 0 0 0 0 0 0 -5.818828E+37 -5.818828E+37
0 0 0 0 0 0 -3.062541E+37 0 0 -3.062541E+37 -3.062541E+37 0
0 0 0 0 0 0 0 -3.062541E+37 0 -3.062541E+37 0 -3.062541E+37
0 0 0 0 0 -3.062541E+37 -3.062541E+37 0 0 -3.062541E+37 0 -3.062541E+37
0 0 0 0 0 0 -3.062541E+37 0 0 -3.062541E+37 -3.062541E+37 0
0 -3.062541E+37 -5.818828E+37 0 0 0 0 0 0 0 -5.818828E+37 -5.818828E+37
-3.062541E+37 -3.062541E+37 -3.062541E+37 0 -3.062541E+37 -3.062541E+37 0 0 0 -3.062541E+37 -5.818828E+37 0
0 0 -3.062541E+37 0 -3.062541E+37 -3.062541E+37 0 0 0 -3.062541E+37 0 -3.062541E+37
-3.062541E+37 -3.062541E+37 -3.062541E+37 -3.062541E+37 -3.062541E+37 -3.062541E+37 0 0 0 -3.062541E+37 -3.062541E+37 0
0 0 0 0 0 0 0 -3.062541E+37 0 -3.062541E+37 0 -3.062541E+37
0 -3.062541E+37 -5.818828E+37 -5.818828E+37 0 0 0 0 0 0 -5.818828E+37 -5.818828E+37
0 0 0 0 0 0 -3.062541E+37 0 0 -3.062541E+37 -3.062541E+37 0
0 0 0 0 0 0 0 0 0 0 0 -3.062541E+37
0 0 0 0 0 0 0 0 0 0 0 0
0 -5.818828E+37 -3.062541E+37 0 0 0 0 0 0 0 -8.299486E+37 -5.818828E+37
0 0 0 0 -3.062541E+37 -3.062541E+37 0 0 0 -3.062541E+37 -3.062541E+37 0
0 0 0 0 -3.062541E+37 -3.062541E+37 0 0 -3.062541E+37 -3.062541E+37 0 -3.062541E+37
0 0 0 0 0 0 0 0 0 0 0 0
0 0 0 0 0 -3.062541E+37 -3.062541E+37 0 0 -5.818828E+37 -3.062541E+37 0
0 0 0 0 0 0 0 0 0 0 0 -5.818828E+37
0 0 0 0 0 0 0 0 0 -5.818828E+37 0 -5.818828E+37
0 0 0 0 0 -3.062541E+37 0 0 0 -5.818828E+37 -5.818828E+37 0
0 0 0 -5.818828E+37 0 0 0 0 0 0 -5.818828E+37 -5.818828E+37
0 0 0 0 0 0 0 0 0 -5.818828E+37 -5.818828E+37 0
0 0 0 0 0 0 0 0 0 -5.818828E+37 0 -5.818828E+37
0 0 0 0 0 0 0 0 0 0 0 -3.062541E+37
0 0 0 -3.062541E+37 -3.062541E+37 -3.062541E+37 0 0 0 -3.062541E+37 -3.062541E+37 0
0 0 0 0 0 0 0 0 0 -3.062541E+37 0 -3.062541E+37
0 0 0 -3.062541E+37 0 0 0 0 0 0 -3.062541E+37 -3.062541E+37
0 0 0 0 0 0 -3.062541E+37 0 0 -3.062541E+37 -3.062541E+37 0
0 0 0 0 0 0 0 0 0 0 0 -3.062541E+37
0 0 0 0 0 0 0 0 0 0 0 -3.062541E+37
-3.062541E+37 -3.062541E+37 -3.062541E+37 -3.062541E+37 -3.062541E+37 -3.062541E+37 0 0 0 -3.062541E+37 -3.062541E+37 0
0 0 0 0 0 0 0 0 0 -3.062541E+37 0 -3.062541E+37
0 -3.062541E+37 -3.062541E+37 -3.062541E+37 0 0 0 0 0 0 -3.062541E+37 -5.818828E+37
0 0 0 0 0 0 -3.062541E+37 0 0 -3.062541E+37 -3.062541E+37 0
0 0 0 0 0 0 0 0 0 0 0 -3.062541E+37
0 0 0 0 0 0 0 0 0 0 0 -3.062541E+37
-5.818828E+37 -5.818828E+37 -3.062541E+37 -3.062541E+37 -3.062541E+37 -3.062541E+37 0 0 0 -3.062541E+37 -3.062541E+37 0
0 0 0 0 0 0 0 0 0 -3.062541E+37 0 -3.062541E+37
0 -3.062541E+37 -3.062541E+37 -3.062541E+37 0 0 0 0 0 0 -8.299486E+37 -5.818828E+37
0 0 0 0 0 0 -3.062541E+37 0 0 -3.062541E+37 -3.062541E+37 0
0 0 0 0 0 0 0 0 0 0 0 -3.062541E+37
0 -3.062541E+37 -3.062541E+37 0 0 0 0 0 0 0 -3.062541E+37 -5.818828E+37
0 -3.062541E+37 -3.062541E+37 0 -3.062541E+37 -3.062541E+37 0 0 0 -3.062541E+37 -3.062541E+37 0
0 0 0 0 0 0 0 0 0 -3.062541E+37 0 -3.062541E+37
0 0 0 0 0 0 -3.062541E+37 0 0 -3.062541E+37 -3.062541E+37 0
0 0 0 0 0 0 0 0 0 0 0 -3.062541E+37
0 0 0 -5.818828E+37 -5.818828E+37 -3.062541E+37 0 0 0 -3.062541E+37 -3.062541E+37 0
0 0 0 0 0 0 0 0 -3.062541E+37 -3.062541E+37 0 -3.062541E+37
0 0 -5.818828E+37 -3.062541E+37 0 0 0 0 0 0 -3.062541E+37 -3.062541E+37
0 0 0 0 0 0 -5.818828E+37 0 0 -3.062541E+37 -3.062541E+37 0
0 0 0 0 0 0 0 0 0 0 0 -3.062541E+37
0 -3.062541E+37 -3.062541E+37 0 0 0 0 0 0 0 -3.062541E+37 -5.818828E+37
0 -5.818828E+37 -3.062541E+37 0 -3.062541E+37 -3.062541E+37 0 0 0 -3.062541E+37 -3.062541E+37 0
0 0 0 0 0 0 0 0 0 -3.062541E+37 0 -3.062541E+37
0 0 0 0 0 0 -3.062541E+37 0 0 -3.062541E+37 -3.062541E+37 0
0 0 0 0 0 0 0 0 0 0 0 -3.062541E+37
0 0 0 0 0 -5.818828E+37 0 0 0 -5.818828E+37 -5.818828E+37 0
0 0 0 0 0 0 0 0 0 -5.818828E+37 0 -5.818828E+37
0 0 0 -5.818828E+37 0 0 0 0 0 0 -5.818828E+37 -5.818828E+37
0 0 0 0 0 0 0 0 0 -5.818828E+37 -5.818828E+37 0
0 0 0 0 0 0 0 0 0 0 0 -5.818828E+37
0 0 0 0 0 0 0 -3.062541E+37 0 -3.062541E+37 0 -3.062541E+37
0 0 0 -3.062541E+37 -3.062541E+37 -3.062541E+37 0 0 0 -3.062541E+37 -3.062541E+37 0
0 -3.062541E+37 -3.062541E+37 -3.062541E+37 0 0 0 0 0 0 -3.062541E+37 -3.062541E+37
0 0 0 0 0 0 0 0 0 -3.062541E+37 0 -3.062541E+37
0 0 0 0 0 0 0 0 0 0 -3.062541E+37 0
0 0 0 -3.062541E+37 0 0 0 0 0 0 -3.062541E+37 -3.062541E+37
0 0 0 0 0 0 -3.062541E+37 0 0 -3.062541E+37 -3.062541E+37 0
0 0 0 0 0 0 0 0 0 0 0 -3.062541E+37
0 0 0 0 0 0 0 0 0 -3.062541E+37 0 -3.062541E+37
0 0 0 0 0 -3.062541E+37 0 0 0 -3.062541E+37 -3.062541E+37 0
0 0 0 0 0 0 0 0 0 -3.062541E+37 0 -3.062541E+37
0 0 0 0 0 0 0 0 0 0 -3.062541E+37 -3.062541E+37
0 0 0 0 0 0 0 0 0 -3.062541E+37 -3.062541E+37 0
0 0 0 0 0 0 0 0 0 0 0 -3.062541E+37
0 0 -3.062541E+37 -3.062541E+37 0 0 0 0 0 0 -3.062541E+37 -3.062541E+37
0 0 0 0 0 0 0 0 0 -3.062541E+37 -3.062541E+37 0
0 0 0 0 0 0 0 -3.062541E+37 0 -3.062541E+37 0 -3.062541E+37
0 0 0 -3.062541E+37 0 0 0 0 0 0 -3.062541E+37 -3.062541E+37
0 0 0 0 0 0 0 0 0 -3.062541E+37 -3.062541E+37 0
0 0 0 0 0 0 0 0 0 -3.062541E+37 0 -3.062541E+37
0 0 -3.062541E+37 -3.062541E+37 0 0 0 0 0 0 -3.062541E+37 -3.062541E+37
0 0 0 -3.062541E+37 -3.062541E+37 -3.062541E+37 0 0 0 -3.062541E+37 -3.062541E+37 0
0 0 0 0 0 0 0 0 0 -3.062541E+37 0 -3.062541E+37
0 0 0 0 0 0 0 0 0 0 -3.062541E+37 -3.062541E+37
0 0 0 0 0 0 -3.062541E+37 0 0 -3.062541E+37 -3.062541E+37 0
0 0 0 0 0 0 0 0 0 0 0 -3.062541E+37
0 0 0 0 0 0 0 0 0 0 0 -3.062541E+37
0 0 0 0 0 0 0 0 0 -3.062541E+37 -3.062541E+37 0
0 0 0 0 0 0 0 0 0 -3.062541E+37 0 -3.062541E+37
0 0 0 0 0 0 0 0 0 0 -3.062541E+37 0
0 -3.062541E+37 -3.062541E+37 -3.062541E+37 -3.062541E+37 -3.062541E+37 0 0 0 -3.062541E+37 -3.062541E+37 0
0 0 0 0 0 0 0 -3.062541E+37 0 -3.062541E+37 0 -3.062541E+37
0 -3.062541E+37 -5.818828E+37 -5.818828E+37 0 0 0 0 0 0 -5.818828E+37 -5.818828E+37
0 0 0 0 0 0 0 0 0 -3.062541E+37 -3.062541E+37 0
0 0 0 0 0 0 0 0 0 0 0 -3.062541E+37
0 -3.062541E+37 -3.062541E+37 -3.062541E+37 0 0 0 0 0 0 -3.062541E+37 -3.062541E+37
0 0 0 -3.062541E+37 -3.062541E+37 -3.062541E+37 0 0 0 -3.062541E+37 -3.062541E+37 0
0 0 0 0 0 0 0 0 0 -3.062541E+37 0 -3.062541E+37
0 0 0 0 0 0 0 0 0 0 -3.062541E+37 -3.062541E+37
0 0 0 0 0 0 -3.062541E+37 0 0 -3.062541E+37 -3.062541E+37 0
0 0 0 0 0 0 0 0 0 0 0 -3.062541E+37
0 0 0 0 0 0 0 0 0 0 0 -3.062541E+37
0 0 0 0 -3.062541E+37 -3.062541E+37 0 0 0 -3.062541E+37 -3.062541E+37 0
0 0 0 0 0 0 0 0 0 -3.062541E+37 0 -3.062541E+37
0 0 -3.062541E+37 -3.062541E+37 0 0 0 0 0 0 -3.062541E+37 -3.062541E+37
0 0 0 0 0 -3.062541E+37 -3.062541E+37 0 0 -3.062541E+37 -3.062541E+37 0
0 0 0 0 0 0 0 0 0 0 0 -3.062541E+37
0 0 0 0 0 0 0 0 0 -3.062541E+37 0 -3.062541E+37
0 0 0 0 0 0 0 0 0 -3.062541E+37 -3.062541E+37 0
0 0 0 0 0 0 0 0 0 -3.062541E+37 0 -3.062541E+37
0 0 0 0 0 0 0 0 0 -3.062541E+37 -3.062541E+37 0
0 0 0 0 0 0 0 0 0 0 0 -3.062541E+37
0 0 -3.062541E+37 0 0 0 0 0 0 0 -3.062541E+37 -3.062541E+37
0 0 0 0 0 0 0 0 0 -3.062541E+37 -3.062541E+37 0
0 0 0 0 0 0 0 0 0 -3.062541E+37 0 -3.062541E+37
0 -3.062541E+37 -5.818828E+37 0 0 0 0 0 0 0 -5.818828E+37 -5.818828E+37
-3.062541E+37 -3.062541E+37 -3.062541E+37 0 -3.062541E+37 -3.062541E+37 0 0 0 -3.062541E+37 -3.062541E+37 0
0 0 0 0 0 -3.062541E+37 0 0 0 -3.062541E+37 0 -3.062541E+37
0 -3.062541E+37 -3.062541E+37 -3.062541E+37 -3.062541E+37 -3.062541E+37 0 0 0 -3.062541E+37 -3.062541E+37 0
0 0 0 0 0 0 0 -3.062541E+37 0 -3.062541E+37 0 -3.062541E+37
0 -3.062541E+37 -3.062541E+37 -5.818828E+37 0 0 0 0 0 0 -5.818828E+37 -5.818828E+37
0 0 0 0 0 0 -3.062541E+37 0 0 -3.062541E+37 -3.062541E+37 0
0 0 0 0 0 0 0 0 0 0 0 -3.062541E+37
0 0 0 0 0 0 0 0 0 0 0 -3.062541E+37
0 0 0 0 0 0 0 0 0 -3.062541E+37 -3.062541E+37 0
0 0 0 0 0 0 0 0 0 -3.062541E+37 0 -3.062541E+37
0 -3.062541E+37 -3.062541E+37 -3.062541E+37 0 0 0 0 0 0 -3.062541E+37 -3.062541E+37
0 -3.062541E+37 -3.062541E+37 -3.062541E+37 -3.062541E+37 -3.062541E+37 0 0 0 -3.062541E+37 -3.062541E+37 0
0 0 0 0 0 0 0 0 0 -3.062541E+37 0 -3.062541E+37
0 0 0 0 0 0 -3.062541E+37 0 0 -3.062541E+37 -3.062541E+37 0
0 0 0 0 0 0 0 0 0 0 0 -3.062541E+37
0 0 0 -3.062541E+37 -3.062541E+37 -3.062541E+37 0 0 0 -3.062541E+37 -3.062541E+37 0
0 0 0 0 0 0 0 0 0 -3.062541E+37 0 -3.062541E+37
0 0 -3.062541E+37 -3.062541E+37 0 0 0 0 0 0 -3.062541E+37 -3.062541E+37
0 0 0 0 0 0 -3.062541E+37 0 0 -3.062541E+37 -3.062541E+37 0
0 0 0 0 0 0 0 0 0 0 0 -3.062541E+37
0 0 0 0 0 -3.062541E+37 0 0 0 -3.062541E+37 -3.062541E+37 0
0 0 0 0 0 0 0 0 0 -3.062541E+37 0 -3.062541E+37
0 0 0 -3.062541E+37 0 0 0 0 0 0 -3.062541E+37 -3.062541E+37
0 0 0 0 0 0 0 0 0 -3.062541E+37 -3.062541E+37 0
0 0 0 0 0 0 0 0 0 0 0 -3.062541E+37
0 0 0 0 0 0 0 0 0 -3.062541E+37 0 -3.062541E+37
0 0 0 0 0 0 0 0 0 -3.062541E+37 -3.062541E+37 0
0 0 0 0 0 0 0 0 0 -3.062541E+37 0 -3.062541E+37
0 0 0 0 0 0 0 0 0 0 0 0
0 0 -3.062541E+37 0 -3.062541E+37 -3.062541E+37 -3.062541E+37 0 0 -5.818828E+37 -5.818828E+37 0
0 -3.062541E+37 -3.062541E+37 0 -3.062541E+37 -3.062541E+37 -3.062541E+37 0 0 -3.062541E+37 0 -5.818828E+37
0 0 0 0 0 0 0 0 0 0 0 0
0 0 0 0 0 0 -3.062541E+37 0 -3.062541E+37 -5.818828E+37 0 -5.818828E+37
0 0 0 0 0 0 0 0 0 0 -5.818828E+37 0
0 0 0 0 0 0 0 0 0 -5.818828E+37 0 -5.818828E+37
0 0 0 0 0 0 0 0 0 0 -5.818828E+37 0
0 0 0 0 0 0 -3.062541E+37 0 0 -3.062541E+37 0 -3.062541E+37
0 0 0 0 0 0 -3.062541E+37 0 0 -3.062541E+37 -3.062541E+37 0
-3.062541E+37 -3.062541E+37 -3.062541E+37 0 -3.062541E+37 -3.062541E+37 0 0 0 -3.062541E+37 -3.062541E+37 0
0 0 0 0 0 0 0 0 0 -3.062541E+37 0 -3.062541E+37
0 -3.062541E+37 -3.062541E+37 0 0 0 0 0 0 0 -3.062541E+37 -5.818828E+37
0 0 0 0 0 0 -3.062541E+37 0 0 -3.062541E+37 -3.062541E+37 0
0 0 0 0 0 0 0 0 0 0 0 -3.062541E+37
0 0 0 0 0 0 0 0 0 0 0 0
0 0 0 0 0 0 0 0 0 -5.818828E+37 -5.818828E+37 0
0 0 0 0 0 0 0 0 0 0 0 -5.818828E+37
0 0 0 0 0 0 -3.062541E+37 0 0 -3.062541E+37 -3.062541E+37 0
0 0 0 0 0 0 0 0 0 -3.062541E+37 0 -3.062541E+37
0 0 -3.062541E+37 -3.062541E+37 -3.062541E+37 -3.062541E+37 0 0 0 -3.062541E+37 -3.062541E+37 0
0 0 0 0 0 0 0 0 0 -3.062541E+37 0 -3.062541E+37
0 -3.062541E+37 -3.062541E+37 -3.062541E+37 0 0 0 0 0 0 -3.062541E+37 -3.062541E+37
0 0 0 0 0 0 -3.062541E+37 0 0 -3.062541E+37 -3.062541E+37 0
0 0 0 0 0 0 0 0 0 0 0 -3.062541E+37
0 -3.062541E+37 -3.062541E+37 0 0 0 0 0 0 0 -3.062541E+37 -5.818828E+37
0 0 -3.062541E+37 0 -3.062541E+37 -3.062541E+37 0 0 0 -3.062541E+37 -3.062541E+37 0
0 0 0 0 0 0 0 0 0 -3.062541E+37 0 -3.062541E+37
0 0 0 0 0 -3.062541E+37 0 0 0 -3.062541E+37 -3.062541E+37 0
0 0 0 0 0 0 0 0 0 -3.062541E+37 0 -3.062541E+37
0 0 0 -3.062541E+37 0 0 0 0 0 0 -3.062541E+37 -3.062541E+37
0 0 0 0 0 0 0 0 0 -3.062541E+37 -3.062541E+37 0
0 0 0 0 0 0 0 0 0 0 0 -3.062541E+37
0 -3.062541E+37 -3.062541E+37 0 0 0 0 0 0 0 -3.062541E+37 -3.062541E+37
0 0 0 0 0 -3.062541E+37 0 0 0 -3.062541E+37 -3.062541E+37 0
0 0 0 0 0 0 0 0 0 -3.062541E+37 0 -3.062541E+37
0 0 0 0 0 -3.062541E+37 -3.062541E+37 0 0 -3.062541E+37 -3.062541E+37 0
0 0 0 0 0 0 0 0 0 -3.062541E+37 0 -3.062541E+37
0 -3.062541E+37 -3.062541E+37 0 0 0 0 0 0 0 -3.062541E+37 -5.818828E+37
-3.062541E+37 -3.062541E+37 -3.062541E+37 0 -3.062541E+37 -3.062541E+37 0 0 0 -3.062541E+37 -3.062541E+37 0
0 0 0 0 0 0 0 0 0 -3.062541E+37 0 -3.062541E+37
0 0 0 0 0 0 0 0 0 0 0 0
0 0 0 0 0 -3.062541E+37 -3.062541E+37 0 0 -3.062541E+37 -3.062541E+37 0
0 0 0 0 0 0 0 0 0 0 0 -3.062541E+37
0 -3.062541E+37 -3.062541E+37 0 0 0 0 0 0 0 -3.062541E+37 -5.818828E+37
0 -3.062541E+37 -3.062541E+37 0 -3.062541E+37 -3.062541E+37 0 0 0 -3.062541E+37 -3.062541E+37 0
0 0 0 0 0 0 0 0 0 -3.062541E+37 0 -3.062541E+37
0 -3.062541E+37 -3.062541E+37 -3.062541E+37 -3.062541E+37 -3.062541E+37 0 0 0 -3.062541E+37 -3.062541E+37 0
0 0 0 0 0 0 0 0 0 -3.062541E+37 0 -3.062541E+37
0 -3.062541E+37 -3.062541E+37 -3.062541E+37 0 0 0 0 0 0 -3.062541E+37 -5.818828E+37
0 0 0 0 0 0 -3.062541E+37 0 0 -3.062541E+37 -3.062541E+37 0
0 0 0 0 0 0 0 0 0 0 0 -3.062541E+37
0 0 0 0 0 0 0 0 0 0 0 -3.062541E+37
0 0 0 0 0 0 0 0 0 -3.062541E+37 -3.062541E+37 0
0 0 0 0 0 0 0 0 0 0 0 -3.062541E+37
0 0 0 0 0 0 0 0 0 0 0 0
0 0 0 0 0 0 0 0 0 -3.062541E+37 0 -3.062541E+37
0 0 0 0 0 0 0 0 0 0 -3.062541E+37 0
0 0 0 0 0 0 0 0 0 -3.062541E+37 -3.062541E+37 0
0 0 0 0 0 0 0 0 0 0 0 -3.062541E+37
0 0 -3.062541E+37 -3.062541E+37 -3.062541E+37 -3.062541E+37 0 0 0 -3.062541E+37 -3.062541E+37 0
0 0 0 0 0 0 0 0 0 -3.062541E+37 0 -3.062541E+37
0 -3.062541E+37 -3.062541E+37 -3.062541E+37 0 0 0 0 0 0 -3.062541E+37 -3.062541E+37
0 0 0 0 0 0 -3.062541E+37 0 0 -3.062541E+37 -3.062541E+37 0
0 0 0 0 0 0 0 0 0 0 0 -3.062541E+37
0 0 0 0 0 0 0 0 0 0 0 0
0 0 0 0 0 0 0 0 0 0 0 0
0 0 0 0 0 0 0 0 0 -5.818828E+37 0 -5.818828E+37
0 0 0 0 0 0 0 0 0 0 -5.818828E+37 0
0 0 0 0 0 -3.062541E+37 0 0 0 -3.062541E+37 -3.062541E+37 0
0 0 0 0 0 -3.062541E+37 0 0 0 -3.062541E+37 0 -3.062541E+37
0 0 -3.062541E+37 0 0 0 0 0 0 0 -3.062541E+37 -3.062541E+37
0 0 0 0 0 0 0 0 0 -3.062541E+37 -3.062541E+37 0
0 0 0 0 0 0 0 0 0 -3.062541E+37 0 -3.062541E+37
0 0 0 0 0 0 -3.062541E+37 0 0 -3.062541E+37 -3.062541E+37 0
0 0 0 0 0 0 0 0 0 0 0 -3.062541E+37
0 0 0 0 0 0 0 0 0 -3.062541E+37 -3.062541E+37 0
0 0 0 0 0 0 0 0 0 0 0 -3.062541E+37
0 0 0 0 0 -3.062541E+37 -3.062541E+37 0 0 -3.062541E+37 -3.062541E+37 0
0 0 0 0 0 0 0 0 0 0 0 -3.062541E+37
0 0 -3.062541E+37 0 0 0 0 0 0 0 -3.062541E+37 -3.062541E+37
0 0 -3.062541E+37 0 -3.062541E+37 -3.062541E+37 0 0 0 -3.062541E+37 -3.062541E+37 0
0 0 0 0 0 0 0 0 0 -3.062541E+37 0 -3.062541E+37
0 0 0 0 0 -3.062541E+37 -3.062541E+37 0 0 -3.062541E+37 -3.062541E+37 0
0 0 0 0 0 0 0 0 0 0 0 -3.062541E+37
0 0 0 -3.062541E+37 0 0 0 0 0 0 -3.062541E+37 -3.062541E+37
0 0 0 -3.062541E+37 -3.062541E+37 -3.062541E+37 0 0 0 -3.062541E+37 -3.062541E+37 0
0 0 0 0 0 0 0 0 0 -3.062541E+37 0 -3.062541E+37
0 0 0 0 0 -3.062541E+37 0 0 0 -3.062541E+37 -3.062541E+37 0
0 0 0 0 0 0 0 0 0 0 0 -3.062541E+37
0 0 0 0 0 0 0 0 0 0 0 -3.062541E+37
0 0 0 0 0 0 0 0 0 0 0 0
